"V1" "V2" "V3" "V4" "V5" "V6" "V7" "V8" "V9" "V10" "V11" "V12" "V13" "V14" "V15" "V16" "V17" "V18" "V19" "V20" "V21" "V22" "V23" "V24" "V25" "V26" "V27" "V28" "V29" "V30" "V31" "V32" "V33" "V34" "V35" "V36" "V37" "V38" "V39" "V40" "V41" "V42" "V43" "V44" "V45" "V46" "V47" "V48" "V49" "V50" "V51" "V52" "V53" "V54" "V55" "V56" "V57" "V58" "V59" "V60" "V61" "V62" "V63" "V64" "V65" "V66" "V67" "V68" "V69" "V70" "V71" "V72" "V73" "V74" "V75" "V76" "V77" "V78" "V79" "V80" "V81" "V82" "V83" "V84" "V85" "V86" "V87" "V88" "V89" "V90" "V91" "V92" "V93" "V94" "V95" "V96" "V97" "V98" "V99" "V100" "V101" "V102" "V103" "V104" "V105" "V106" "V107" "V108" "V109" "V110" "V111" "V112" "V113" "V114" "V115" "V116" "V117" "V118" "V119" "V120" "V121"
"1" 1 0.715393255388849 0.282674485475519 0.0275501090028777 -0.0402303176397877 -0.0812009167589173 -0.0941418030798451 -0.13067407149809 -0.122130678025078 -0.0126862192864104 0.0349647412746675 0.0808620919220027 0.0924996551088103 0.0770690880585622 0.0930838253631427 0.0679146016943897 0.0130804557678675 -0.0479964376464445 -0.0732578991459193 -0.144779330414521 -0.113984235011516 -0.189831303624706 -0.224207242610985 -0.06718694141955 0.260827846340023 0.420098389362429 0.225323833145851 0.0592175245067931 -0.0514882793163728 -0.0355894315860303 -0.0496604823766839 0.0343123674626167 -0.0583914989679089 -0.0984537991307504 -0.18821676497902 -0.202782294705232 -0.134769961388927 -0.00641144628953825 -0.1467372243509 -0.0247662712262753 -0.0750842929300361 -0.0350444845602138 0.0174417084981966 -0.111018295969027 -0.0436137344903133 0.0635241104763143 0.0282117936045974 -0.0624411103365524 -0.0710760338497369 -0.199262173113863 -0.223493208930984 -0.196968662344358 -0.182118695442863 -0.148953384618081 -0.131204034545138 -0.175233810816476 -0.167169272146309 -0.115936485491448 -0.127281144100416 -0.0352859932153747 -0.0371295087586015 -0.0708152409550044 -0.0376110934672401 0.0189406450462275 0.0612468574099766 0.126806826522068 0.0680912641521773 0.000600776419470374 -0.0584852121965932 -0.0942992909957253 -0.184426338599084 -0.189455640208252 -0.186637654402355 -0.166165415872863 -0.141983075063553 -0.143432084667073 -0.170988165399825 -0.230253779190514 -0.178500820595632 -0.0944135062157724 -0.0526860762263932 -0.042212774757545 0.00044448968345845 0.141188318853584 0.0755821193039303 0.0763657732197666 0.11767338892283 0.0850286847556955 0.0521172489390551 0.0398427665247097 0.0321170193106721 -0.00965819417584791 -0.0453776032371418 -0.0775287971156779 -0.143640157964071 -0.156677802507759 -0.147230914772023 0.015413445970688 0.00474643106049121 0.0316446253195772 0.108366150938073 0.0802104828707028 0.0260920936785567 0.0150382536098719 0.053303694208105 -0.0723499730992195 -0.137047323050034 -0.102948101216591 -0.0390601443323076 0.140354914756127 0.00970382078681353 -0.0780945469142788 -0.070348942801402 -0.065818800243295 -0.0302968985249819 0.0796009744977789 -0.0274621218895424 0.0150801188054674 0.0586137545365574 0.0210845902487552 0.0226112352378238
"2" 0.715393255388849 1 0.559761974561596 0.20656329257767 0.0812402194465741 -0.00967861287129364 -0.0417068045778458 -0.100076810901781 -0.102272303501361 -0.0592983925481869 0.0269848497531591 0.0226251259764402 0.0629595184858675 0.11679634486638 0.128422161708725 0.0841852687573522 0.0684378187459957 0.0168551203221712 -0.067167648472259 -0.12033542022192 -0.1230509038339 -0.145414578843936 -0.0884384552736333 0.0259854877346063 0.386011072663094 0.537994365312078 0.378626973545786 0.195823183935569 0.0772000959515947 0.00587428704024807 -0.042168095547224 -0.0071446121120827 -0.098620189812829 -0.169554022535267 -0.236924239550313 -0.256708412791239 -0.190910242191379 0.000759701766921916 -0.153608753881243 -0.021951899808145 -0.0576720253201718 -0.00200865653203481 0.0380313114286534 -0.0705415689326714 -0.114989581834347 -0.030006275114729 -0.0586679073041373 -0.131265887084716 -0.113494506951877 -0.171830948849665 -0.213334947049079 -0.210007918380921 -0.158681773868454 -0.180273778156873 -0.167902539381844 -0.175525072816528 -0.167067876367311 -0.142289972861213 -0.153336569969753 -0.10334091184428 -0.0735308913624466 -0.121091818176559 -0.08388074665288 -0.0673092545750948 -0.0555794874973544 0.0345618956902289 0.0556345240892403 -0.0118070275360037 -0.0817924572726953 -0.154030407632121 -0.18474161845921 -0.134613293941986 -0.110680147600276 -0.089746225594144 -0.115941415142646 -0.136724279632766 -0.178579572854682 -0.15863751254118 -0.1673163832176 -0.139969801663768 -0.0997261782020817 -0.0482844430041672 0.0430781239304129 0.191980838994756 0.0950804539053477 0.117033351839209 0.139752375478938 0.114357562449291 0.0550408929899721 0.045089110276351 0.0167234499493195 0.0054255643675273 -0.0517449347323435 -0.0919320591042488 -0.174135351938544 -0.223081832761253 -0.226474119394186 -0.0123307050531064 -0.076182895127721 0.00487167144842544 0.031871530536114 0.053440586354907 0.00930583210987198 -0.0365357252959343 0.0662744050256895 -0.126313362281197 -0.201541606443595 -0.160796816724046 -0.113206147463393 0.0503985246575167 -0.0991725269159842 -0.211515991703078 -0.0957953758103751 -0.125247212904302 -0.117808475251083 0.0136545082701444 -0.0160288145755848 0.00691793361750008 0.0520934413391442 0.0234083638597994 0.0565993840046736
"3" 0.282674485475519 0.559761974561596 1 0.691413509007307 0.308044089546612 0.133523895541359 -0.000556083387415139 -0.125231554083358 -0.093816441374138 -0.103780738990401 -0.0813045570600245 -0.133547096678272 -0.080095199421036 -0.0554948698935036 -0.0632713043251421 -0.0671188422374511 -0.0686531630210645 -0.077852524160496 -0.036628827651841 -0.0393939781645143 -0.0426955596520254 0.0131265375405669 0.198229618849815 0.147779416689832 0.404262276981654 0.29566146179733 0.0309807826260655 -0.0953109626044596 -0.0450200616673998 -0.10272001943429 -0.0304600152764806 -0.109876598162333 -0.0995158542573689 -0.0846839776666231 -0.0931677313046027 -0.0911433744555841 -0.00335507573305173 0.0213924564681469 -0.0140447824820298 -0.0519344444642107 -0.211049279827065 -0.157447405113732 -0.0374022682358315 0.0408972836943351 0.0975118004272027 0.13885277365979 0.137482889487183 0.0422998318191473 0.0812262444602521 0.0131240844912774 -0.0365178120301325 -0.0668040538199206 -0.121712195127255 -0.146013366541849 -0.165545405199884 -0.182209103193265 -0.117108225046612 -0.0239596679178536 0.00334162658971112 0.0346742859013815 0.0422254959543815 0.00261375392595409 -0.0143494937410946 0.0296371069474874 0.0199612315891345 0.0922840599785974 0.0484177352782375 0.0739708304859592 0.0695031088153304 -0.0197098050184167 -0.0163594539756706 -0.00491048752711571 0.0225150881603831 -0.0698182788263423 -0.0649744665544628 0.0159040871335906 -0.0252893280709426 0.0434941401548242 -0.00346748994867486 -0.0214040381254062 -0.00560765478507603 -0.0343064672865738 -0.0367108609374101 0.0196778458689742 -0.0936114424355531 -0.0782722501173655 -0.0730732589568852 -0.0343110132823841 -0.0119657635717387 -0.0138259132589902 -0.0484584417494685 -0.0218359864382222 -0.043228441221393 -0.00302212755271574 -0.0081124176081686 -0.014666759574879 -0.0100155420530338 -0.00403737824405515 -0.0581942946861906 -0.0298537711556291 -0.118418565410674 -0.0543649799067294 -0.116367403909638 -0.112236775673254 0.0714080960107107 -0.00866389266439347 -0.0662720359865587 0.0085397802484339 -0.0255658377755325 0.113441955158139 0.0380665565556143 -0.0119254484250455 0.0401965804518611 -0.0200731162937739 -0.0443536783225578 -0.0245026553689246 -0.0716508688512971 -0.104456856661319 -0.0531641768913392 -0.0867123745101966 -0.0522269725931978
"4" 0.0275501090028777 0.20656329257767 0.691413509007307 1 0.598104786703414 0.298279942644425 0.0922642255620459 -0.0707115688397626 -0.0555180378210119 -0.0593932703715258 -0.0890061923500571 -0.194722252695638 -0.174209545439401 -0.151545002961664 -0.139273704687559 -0.113077183178209 -0.0967932851854938 -0.0788325964737857 0.0349255024705975 0.0588458701565252 0.0745014910700806 0.318099280066487 0.434535060904264 0.294126886309173 0.13906777934296 0.0556734585256071 -0.120465608789958 -0.167150120006093 -0.0976505322293934 -0.161381145907691 -0.134502219870098 -0.17755137415208 -0.0638251907679847 -0.010351000473824 0.102706734624833 0.0664073081433981 0.10734840191348 0.0305607654045022 0.0522904607662226 -0.0334254224500813 -0.242444965252732 -0.198503313237444 -0.0825541544702559 0.0374369386481515 0.155794407698822 0.178429181473043 0.194422757044192 0.0994649727251709 0.19074322977017 0.0811344454800778 0.0484690865757497 -0.0431139609774963 -0.110237707478919 -0.163346440334093 -0.153016085541252 -0.16161103498692 -0.0910495610899815 0.0417152589131002 0.0710758297525991 0.0815104948137146 0.0638925952623528 0.0812168142688937 0.025131302855165 0.0388917856125592 -0.00765576805216571 0.0461515412255701 0.0456983697537086 0.0667085373125536 0.0897668301995863 0.0793332197565517 0.0957183520006073 0.0387228584462938 0.0556462828399549 -0.00500668971113832 0.00489710897459236 0.0511211507432814 0.0773438237229746 0.13132413013171 0.13038588613314 0.10365642315313 0.109280380390222 0.0395233861257319 -0.0439732864907568 -0.0973705036797205 -0.118907217424905 -0.172541854317909 -0.196016357539152 -0.209022904150324 -0.171419214922896 -0.113660273312105 -0.170154235608185 -0.119965173817878 -0.0636223991243761 0.0764073200873505 0.119227298394695 0.2153239440543 0.153128318990422 0.0463027464629605 -0.00426611112735412 -0.0368870510564562 -0.191858915714785 -0.134015198621439 -0.167840876274785 -0.13435373775023 0.070633259889675 0.0536683105153461 0.0350826855181927 0.112168717595924 0.0887934962705372 0.204319783561169 0.204303145129761 0.200058486347418 0.155100163869404 0.0791783320149495 0.038183492589685 -0.0348046716859848 -0.131103708344366 -0.161136521572888 -0.144174017141949 -0.123564602740125 -0.0983588115681546
"5" -0.0402303176397877 0.0812402194465741 0.308044089546612 0.598104786703414 1 0.531211676815534 0.208609224667053 -0.0094761802629628 0.11150933463221 0.0316159988101336 -0.01637422572552 -0.173009125960342 -0.182338746025544 -0.151208270004154 -0.173083392282775 -0.151193992428965 -0.160004856421767 -0.103251249285215 0.0259008053141677 0.133629341109512 0.188633953988122 0.41547311795148 0.522383741495805 0.347182443612528 -0.0120172829447691 -0.0325945790400185 -0.215014848013889 -0.284474137803688 -0.152377813455064 -0.166895617450755 -0.235719680187963 -0.336000573633632 -0.1939001269509 -0.0346464925636321 0.0679109504453508 0.0887403679630844 0.106333753823001 0.0992550982595 0.0498217983293736 -0.0133292534157228 -0.158195267877743 -0.138095336810202 -0.0622698798165738 -0.00374869398793545 0.00842671207039769 0.123208924831401 0.141613945537341 0.167819138277245 0.230490698865771 0.109746444591772 0.128187508461118 -0.0127725946554936 -0.0517099907473268 -0.116730638220362 -0.120974495400559 -0.0828331100609044 0.000311806971856522 0.107174144107732 0.154521566525616 0.15849637215972 0.157211083072216 0.206352260211918 0.0785255650276485 0.0431299915021244 0.0895016222791215 0.0304217967736203 0.0287299023665165 0.0474532263332149 0.0295138608257277 0.15142589988829 0.162699742073313 0.0755501262511039 0.0970717264227856 0.0623509409521333 0.0272917303884142 0.0732377747917414 0.133590429479955 0.176508807025197 0.132218839956486 0.190629260581475 0.226658945493437 0.0796836925365249 -0.0246268478719142 -0.219305102271293 -0.266752400861496 -0.273810223852825 -0.215433852316268 -0.202146194171431 -0.131432372345818 -0.0910027955084706 -0.0497241179862851 -0.00231368427261399 0.0200867090539182 0.111943721688025 0.1853556772019 0.21063641571123 -0.0668623717898176 -0.163485730048965 -0.164826533009241 -0.195364961219398 -0.113992783629847 -0.101426375699838 -0.0800583278877044 -0.0940828767042479 0.0735735374084645 -0.00874464301999672 -0.0704235116776412 -0.114835202779073 -0.130372444849319 -0.120559567533357 -0.0640837379645256 0.101306556738903 0.355506024927137 0.0891144784996574 0.203201979713826 0.123401289797008 -0.0540100157227311 -0.066821698443611 -0.111814675165765 -0.152700770300335 -0.156726406771105
"6" -0.0812009167589173 -0.00967861287129364 0.133523895541359 0.298279942644425 0.531211676815534 1 0.544692778821494 0.130123868602309 0.13516601594211 -0.0578495239125428 -0.0824534868891185 -0.215480681121883 -0.20580773758688 -0.137645310251352 -0.152833040896631 -0.13238990409195 -0.0975370097013726 -0.0692162951870835 0.0624399750786525 0.149373006040143 0.304469496471501 0.478467076244741 0.466051900550679 0.204074821873556 -0.124088817332238 -0.121511814190465 -0.161933153931924 -0.170284777409498 -0.143566204405158 -0.0620166425876471 -0.176693626676325 -0.152269716079127 -0.0670028752021285 0.0363095582851987 0.0600922574139763 0.120457397220323 0.148445392051567 0.121312192186746 0.076130638197276 -0.0575343041170303 -0.126101715578658 -0.139699493366699 -0.113001480655505 -0.0316292131781011 0.00551009320288204 0.0880619546561187 0.129410282866758 0.10161298199954 0.0840505833417576 0.0506291109605766 0.161916362717431 0.0568512731703137 0.0928190734427953 0.00944348174381877 0.0143789994986014 0.00088089856746692 0.0463385224540279 -0.000725376405935349 0.0133471002737349 0.0288679807243902 0.0682780432368377 0.0240246478250829 0.011284963313046 -0.0455271226906123 -0.068166246742344 -0.0988683066651904 -0.0519314301294427 0.0735716466788677 0.0817674908001774 0.116818174106583 0.131973589040999 0.17121547967447 0.125473259909754 0.0530770507497484 -0.028683905409662 0.016349890315833 0.0302569583043044 0.171410361133005 0.186017766043199 0.183473740080359 0.115686288324731 0.00592949371885145 -0.0291833633841247 -0.114046705469117 -0.133055915565258 -0.123164095090465 -0.0978361356949759 -0.0228803682239227 0.0302213538490037 0.0531145021234781 0.00294724061884317 0.0343324163563764 0.0179729994401112 0.125402713035321 0.241340581595391 0.19716934630439 0.0629417768461617 -0.0677299845848505 -0.0889116405796167 -0.104515214377771 -0.135829728211865 -0.105721675381928 -0.143675901408579 -0.144538583044717 0.0278981544896843 -0.0803471610052162 -0.101619599710934 -0.119601523180843 -0.178144255822134 -0.0580559164098286 0.00835193261090192 0.0678865141646267 0.063586360018787 0.0469726756405174 0.154201220346868 0.137017079150016 -0.0182898187624309 -0.101777415685369 -0.108401618779691 -0.130096267642849 -0.174828611611959
"7" -0.0941418030798451 -0.0417068045778458 -0.000556083387415139 0.0922642255620459 0.208609224667053 0.544692778821494 1 0.436420129142932 0.373319366697874 0.126392185601302 -0.0117246251045073 -0.146494283426632 -0.119138410777237 -0.0940074676136342 -0.113787103835653 -0.11376988519067 -0.0607285531715834 -0.0672131381221994 0.0477489129592485 0.0906957791791515 0.277818172542557 0.217648209683444 0.253868984745646 0.0871647350134076 -0.144625622250898 -0.162716720211671 -0.0909917026339901 -0.0518101725481948 -0.0545979705893604 -0.0146092119753711 -0.0356902009642708 -0.0427691915166964 -0.0602357933594034 -0.0652677652207813 -0.0561408580910458 0.0376073498935451 0.0572561315678574 -0.0151402201818185 -0.0306465283821602 -0.0647757811330327 -0.0797158592061906 -0.0277945994659529 0.00710512472222371 0.0240991667473253 0.00760164503046771 0.0613831819222342 0.0953651226133587 0.0377604123015795 -0.0665171846644434 -0.0169558661399088 -0.00109771843611139 -0.0451616048202176 -0.00928047377375815 -0.00823122573440139 0.0154131264579543 -0.0354403234728222 0.00449837221885848 -0.0739842556459482 -0.0325177438508906 -0.024264444522603 -0.0102938431052284 -0.0201385997792911 0.0280809754417243 -0.00747500642357595 -0.0547820568347733 -0.0402511526399338 0.000425962305071107 0.0460854938083157 0.101870888141879 0.0138849612353922 0.0501090073731006 0.0983291528834205 0.0604547448652933 0.00277075168127768 -0.105004794361047 -0.0925506786622012 0.00407577208929527 0.0757718810207024 0.122129106000814 0.0563671587762468 0.032964154474844 0.0141489512314032 -0.0277240176925656 -0.068239770660602 -0.0628424125058729 -0.0401749037568942 -0.0627036597258906 0.00822334013278109 0.0169399783453277 0.0311862394361632 0.0118660966155864 -0.023136677555304 -0.0565786959864725 0.0448114362005711 0.0941279648845606 0.0212430370627736 -0.0298154013658819 -0.0902400609143801 -0.0788409707559447 0.00171953467753871 -0.0683084812010465 -0.0810797848740697 -0.0533968087558552 -0.0672815780699013 -0.0668726675745404 -0.0732851099491774 -0.0536368636958898 -0.066478046537143 -0.0442847166271679 -0.0389099074651092 0.015848453185395 0.00756314417990475 -0.0546569037467044 0.0539010258348597 0.142133090232039 0.0578747414248458 -0.0170410109175411 -0.0546924444436398 -0.0538796081763068 -0.0582759671151413 -0.077064747926202
"8" -0.13067407149809 -0.100076810901781 -0.125231554083358 -0.0707115688397626 -0.0094761802629628 0.130123868602309 0.436420129142932 1 0.587849153728154 0.336047767076538 -0.0381206143086297 -0.108534496063862 -0.0647959458424588 0.010472572014128 -0.0437367476277695 -0.0921690714144447 0.0260829930536323 0.00671603963158013 -0.00463522281523041 0.0884093343901503 0.0745817804729186 0.0782154459784448 0.108518185321003 0.0343560649523312 -0.15090915608 -0.202105843120047 -0.0877147259006824 -0.0016909860688153 0.0614521440117807 0.0843996089674044 0.136130582631277 0.0214138793098491 -0.0240528287843518 -0.103811078472515 0.00122323059439118 0.03596190766081 0.0725823045516734 0.0389903190532105 0.119287408848902 0.0766753986556072 0.01777672686161 0.00809817616815831 0.0427142399834938 0.0597630536784751 0.0647048144276852 -0.0204322730269015 0.0345545125246246 0.0283077654296894 0.0181452630922887 -0.0149853985859954 -0.099267498365563 -0.0879733581592649 -0.0125575280125533 -0.02677870058472 0.00929373292073137 -0.041248201191835 -0.0375705777620891 -0.11276395313145 -0.0421192918129751 -0.0319328290428628 -0.0145742047197442 -0.069793395068688 -0.000272220897791686 -0.0222413597590479 -0.101489766671305 -0.102538350509762 -0.0163818775087165 -0.0232423547357129 0.00225721983320162 -0.0725320328956175 -1.55739221767809e-05 0.013022362234251 0.0106537288893806 0.0237783744203874 -0.0787816642408012 -0.0874771458031735 -0.0491463014543985 -0.00942496527115347 0.0799268392885018 0.0861935190025665 0.0334731085675546 0.060492787242997 0.0720704649503667 0.0143872565750166 -0.0940216693035043 -0.0414619770979192 -0.0660120365684156 -0.00250713578510557 -0.0349884926053404 0.00368133976601975 0.0205566304411211 0.0860789389731903 0.13482459786403 0.050764826060957 0.0292350586283803 -0.0593005856758861 -0.103424611411978 -0.112849457724748 -0.0987741140829651 -0.000844353280332491 -0.0732808971675296 -0.0476984386087744 -0.0210160253248312 -0.0456946433074826 -0.122721749313763 -0.104290573642726 -0.0941134457529246 -0.100780682204406 -0.057800548590293 -0.0622954464131995 -0.0633210070195863 -0.0524840211328449 -0.185921362094022 -0.0123859158423242 0.100441768405271 0.157418084587823 0.130292382763612 0.000218448824078684 -0.0604264502826134 -0.114861890506561 -0.0853111916584229
"9" -0.122130678025078 -0.102272303501361 -0.093816441374138 -0.0555180378210119 0.11150933463221 0.13516601594211 0.373319366697874 0.587849153728154 1 0.606595966948181 0.251250361116607 0.0185590174472076 0.00446586463295541 -0.010099516323707 -0.127452458686117 -0.107607123884991 -0.013808015293591 0.013360288625188 -0.0249969373493589 -0.0139446775124671 -0.0057566206887007 0.0414692937812846 0.0909175452082795 -0.00598267117166014 -0.15774177009276 -0.125760498095841 -0.115083412379033 -0.114936701266175 -0.055275711290122 -0.0114728872825381 0.0820276630293369 -0.0266864161803615 -0.0428755672509524 -0.0123158612234329 0.0130991611018434 0.00516209432529034 0.0188142548337335 0.0357828406700549 -0.00570527047029594 -0.0553767665478218 -0.128811546982614 -0.115790003738827 -0.0534992255240976 0.00862237197711217 0.0060480481680637 0.0708358086738181 0.0356090602280397 0.0628937519357337 0.0193076228525268 0.0348215595500901 -0.0294167432594008 -0.00309710845587446 0.000398248159269885 -0.056595839282705 -0.0662594474318108 -0.0391260249026307 0.0134358745217712 -0.0273694706692947 -0.00758077283432796 -0.0394966756874788 -0.0372800189064572 -0.0110101197239637 0.112931000172127 -0.0110790269061138 -0.0200116579291284 -0.0509828678027286 0.007604223486697 -0.0507282472931394 -0.0243234212647535 0.00802076905074347 0.0476309624795833 0.0211564049966787 -0.00687754761571732 -0.0755731554197281 -0.166135081820058 -0.165666621518349 -0.123177167458123 -0.0852807832832475 0.0385741697764774 0.064358055438705 0.00945494097453259 -0.0246100953401166 -0.00424823980817937 -0.0980571745945763 -0.173681338934284 -0.15045637873177 -0.119290239292857 0.0165167831276461 -0.0342329244751419 -0.0582435561227653 0.0969231717994996 0.155450841358103 0.187402530196514 0.120844241613248 0.0291483424535822 0.0148774942513861 -0.124425321818244 -0.169208944846694 -0.0976415834308635 -0.0736023114868535 -0.0166899148525452 0.019099627918317 0.0438444837685509 0.057549307913313 -0.0500072843423355 0.0308498024938953 0.00681740381985669 -0.0536832947410772 -0.0540656868293222 -0.154184957954378 -0.117543373226294 -0.0365407553470513 0.0937550274926863 0.1464464685002 0.235036960197964 0.327869661001999 0.19483466224868 0.151087538651422 0.0198676019865733 -0.0675515607130368 -0.0882199502813817
"10" -0.0126862192864104 -0.0592983925481869 -0.103780738990401 -0.0593932703715258 0.0316159988101336 -0.0578495239125428 0.126392185601302 0.336047767076538 0.606595966948181 1 0.567870139025544 0.312506248727998 0.216527287434996 0.124628532596794 0.0487377818672834 0.0365216301581198 0.0391032370879132 0.0530784712737911 -0.00419503255032936 -0.0353195514227471 -0.0703990194329717 -0.013414961772287 0.0246342122523014 0.0329279046100605 -0.0814756059260954 -0.067763851535688 -0.108851305458433 -0.122467220487724 -0.0621048329720146 -0.0354816997772872 0.0685023161920384 -0.020422259093252 -0.0205853338396408 -0.045236220584813 -0.0138044783356844 -0.0454622045355668 -0.0356357401448342 -0.0858224825181302 -0.0295756581938266 -0.0778683479587718 -0.11696053054561 -0.10571413828513 -0.0319217091262378 0.0397513626360939 -0.0128645612180152 0.000590464664089277 -0.0169455159181922 0.0144094894775038 -0.01088044205889 -0.0613201267646804 -0.180428221151432 -0.0652272037385917 -0.125867658884164 -0.134204041621423 -0.108472687309019 -0.120866390083748 -0.0486585019642167 -0.0869243538042446 -0.054910235202763 -0.0322431378763795 -0.0660920044153988 -0.027872469869436 0.0738930079557397 -0.0370881036399185 -0.0519809954728551 -0.0493376267363496 -0.0650957408278686 -0.0943256684326504 -0.0838535586226959 -0.104671764161907 -0.0964350726702533 -0.119994296995789 -0.130615038553178 -0.143977433785912 -0.187620925601956 -0.231542694106962 -0.163737762045432 -0.209017895447462 -0.0811200181779711 -0.0598866934984255 -0.0488516090818072 -0.0781233589334208 0.0157011032980868 -0.0524675253278319 -0.0248030072626965 -0.0302818224347021 -0.107296005086713 0.0174154176122788 -0.0728463076481255 -0.0968495677780746 0.0607330729834287 0.0388601774153685 0.0890383777044971 0.0730109522359044 -0.0214842630546367 -0.0201855126266588 -0.0654615911996046 -0.0942944731899133 -0.0155407920821568 0.0530008070123794 0.118590176047731 0.151082628931499 0.167699683457809 0.129577435078663 0.000467016130434523 0.0437620604237219 0.0338448736619144 0.0192035855824406 0.0125568198211206 -0.1113576387878 -0.102676177179993 -0.0919388702356906 -0.0262555053648929 0.0963483447442311 0.123756340956008 0.138484734303069 0.281442044625318 0.243305187396725 0.152641852983019 0.0652390925267786 0.0334342676843358
"11" 0.0349647412746675 0.0269848497531591 -0.0813045570600245 -0.0890061923500571 -0.01637422572552 -0.0824534868891185 -0.0117246251045073 -0.0381206143086297 0.251250361116607 0.567870139025544 1 0.681688776710726 0.491792665641504 0.345909520128228 0.209912237305703 0.233961794137921 0.0837285560169216 0.00617274678764167 -0.123521551176227 -0.222431931404616 -0.13630523952229 -0.148019691507142 -0.00794749560513001 0.0822514233955434 -0.0635089886732842 2.82343130435761e-05 -0.0233476554168308 -0.0609714473520139 -0.0961379880995485 -0.0266629246485144 0.0581463011512447 0.0436022325057469 0.00479355467663887 -0.12323358261638 -0.119952415137234 -0.160608722647423 -0.121948666166514 -0.147460823063938 -0.180660734965465 -0.0733159811212132 -0.0659410487856548 -0.0678304527835275 -0.00307914057683103 -0.0442879626172237 -0.115623130439369 -0.0989286839156777 -0.107867681532481 -0.0930681263710583 -0.14951052176573 -0.145960388949889 -0.172570296578813 -0.058788412091291 -0.0842592087006446 -0.115268627207223 -0.102170497269448 -0.130949720091064 -0.0685659457399461 -0.144585253033473 -0.115541437447821 -0.162572333234099 -0.196611681964774 -0.154182967946905 -0.129219046817683 -0.214972750531148 -0.206128568466529 -0.138179021646172 -0.178940714005112 -0.181433162923256 -0.223048612113468 -0.210636874460566 -0.237098945820723 -0.057232519603236 -0.058526256883334 -0.0435951510283225 -0.0869081204969136 -0.0951416176475624 -0.0412010462101478 -0.169169052989134 -0.127105149404489 -0.256624064743291 -0.252610976650557 -0.278096368621407 -0.177832825324802 -0.0731858833769735 0.128609671058047 0.0789595595955432 0.0499034559081454 0.150751561181412 0.0343545664160013 0.00924064991558558 0.153318733567048 0.0298475996155133 -0.0228214869366485 -0.0717273995103104 -0.0817633677007885 -0.0978135207064379 -0.129596507825861 -0.06873472552146 0.00211897705747395 0.0668099326121534 0.172269450779762 0.212602691868244 0.207184985980148 0.194855037999297 0.0403126605110264 -0.0147544927424563 -0.0432333729879154 -0.0375082722163517 -0.0055007239927322 -0.12859738873123 -0.153202380737354 -0.181107853305779 0.00207922914306841 0.0154507198277667 -0.038798081935579 0.0964076649804323 0.290852920096943 0.500458276387721 0.462573443468439 0.423801243449301 0.289100239796275
"12" 0.0808620919220027 0.0226251259764402 -0.133547096678272 -0.194722252695638 -0.173009125960342 -0.215480681121883 -0.146494283426632 -0.108534496063862 0.0185590174472076 0.312506248727998 0.681688776710726 1 0.825827057249128 0.580777621116029 0.474716774925518 0.459591408298221 0.251013446379876 0.119830479857919 -0.047781051789484 -0.154601285431699 -0.193379720608501 -0.246771376689906 -0.175423081643806 0.0134155450207117 -0.0538343120139166 -0.0321806273228588 0.0381230548182244 0.0143105160737421 0.00669970777391477 0.0643967207471581 0.185482696441564 0.168634186352062 0.0243895766021228 -0.11898453899429 -0.117130527791477 -0.180890798425103 -0.20613463655345 -0.235753900553426 -0.253328641908875 -0.119481962026554 -0.093334538325741 -0.0995282452748691 -0.0242211844185139 -0.0723214214765998 -0.156108546025793 -0.161302315323814 -0.172308918733212 -0.204959151908428 -0.202131516805834 -0.16967401658931 -0.2347472203308 -0.120897118159931 -0.0555162323108091 -0.0622474510534636 -0.133667032930088 -0.133463238065433 -0.137284339181207 -0.214468959879994 -0.221950670411189 -0.218138376229938 -0.223859859255868 -0.217986705359725 -0.198275036594562 -0.232708303082151 -0.22992861285788 -0.117399213794016 -0.163710215569414 -0.209624630881565 -0.307352804604767 -0.290261699133736 -0.305608930719903 -0.133859757606376 -0.0854707314325968 -0.0157305826968128 -0.0953566130404815 -0.0818919329158389 -0.0426920926971946 -0.174659587634088 -0.176589283910081 -0.353477316863248 -0.345703112719385 -0.261211336641538 -0.144190521128792 0.0987264596588916 0.282327429038858 0.274177106186339 0.21685162828708 0.195250361417593 0.10422118284378 0.0955096581107569 0.149276156720595 -0.106596633907924 -0.183676498621365 -0.244900374439618 -0.219983236850025 -0.208388002588822 -0.108349978686325 0.0201698477265544 0.0705974878505454 0.164931385645052 0.147773596856652 0.165183124512158 0.185039051679927 0.174293895654339 -0.00203539503624638 -0.0321831070671188 -0.0488768927156531 -0.00351981697585024 0.0683850416037663 -0.0262159089861598 -0.0548457925970907 -0.162256749620012 -0.0978969366501929 -0.0740541021134866 -0.174134196506519 -0.0904467358114182 0.183097738932578 0.429972132860553 0.556034531395998 0.532578868918016 0.448909909004899
"13" 0.0924996551088103 0.0629595184858675 -0.080095199421036 -0.174209545439401 -0.182338746025544 -0.20580773758688 -0.119138410777237 -0.0647959458424588 0.00446586463295541 0.216527287434996 0.491792665641504 0.825827057249128 1 0.754883720579624 0.585933434851482 0.525807021801248 0.243029108205198 0.0140466386250611 -0.118894157509238 -0.210896779111546 -0.175702552287343 -0.27590652592233 -0.198921006267615 0.011424845624206 -0.0361214619797552 -0.0238511917361602 0.0666903494421597 0.0547376776702643 0.052493212756178 0.109992953943208 0.219377844329378 0.195926850009873 0.0146171521633442 -0.132189534622797 -0.13903589073693 -0.252459097011881 -0.287328776854352 -0.239186541103532 -0.23838616630973 -0.0916256184365805 -0.0894941935381517 -0.0928252388668029 -0.0290993496951229 -0.100205854482056 -0.191688194257336 -0.224595181325886 -0.26241386211724 -0.260810335151577 -0.278099897955682 -0.197385255382827 -0.232112210074002 -0.114923714633337 -0.0311410671194353 -0.0167063489699368 -0.10691759490007 -0.0989914529337653 -0.120560213533436 -0.208281998151027 -0.245941835541929 -0.267179082885785 -0.251440789483813 -0.219611994566933 -0.172207464459986 -0.213312543449654 -0.240392822947966 -0.130984128904216 -0.151065367881632 -0.225693100993393 -0.288558581876593 -0.34481527928911 -0.319399642581989 -0.12885475999496 -0.0743664960550955 -0.0152081690689433 -0.0921106009851803 -0.0688280075574191 -0.0447837531554554 -0.20356984589519 -0.233302953828993 -0.388028287472955 -0.398788581483525 -0.326315928666803 -0.189272231732443 0.101209990535554 0.338214947457579 0.333299704251246 0.282904326900847 0.242881387397097 0.127281131122575 0.0888175018350551 0.112998536380544 -0.151052666079555 -0.192128115347867 -0.298473891762417 -0.294950684930412 -0.255700616914494 -0.112304976837898 0.0826482592031182 0.117997939681068 0.204251797173154 0.156201994271663 0.177497539906937 0.222851485296927 0.178448345570221 -0.0420732011688947 -0.0772916904631013 -0.0830495120326918 -0.0162568835815385 0.0787297129402486 0.0156961260288962 -0.0862838366476752 -0.183612752624151 -0.107447630029984 -0.108477123540763 -0.242636095376755 -0.14843766201208 0.119036119371523 0.338255286495979 0.514307186152853 0.538952497774478 0.496115703709846
"14" 0.0770690880585622 0.11679634486638 -0.0554948698935036 -0.151545002961664 -0.151208270004154 -0.137645310251352 -0.0940074676136342 0.010472572014128 -0.010099516323707 0.124628532596794 0.345909520128228 0.580777621116029 0.754883720579624 1 0.726433743673497 0.54451397404533 0.282862061724518 0.0310504699570493 -0.114777698467595 -0.22579032887921 -0.127031152665452 -0.228138844991506 -0.153440080875222 0.0668819103811149 0.0696803509186697 0.101793636597175 0.179287434828066 0.155262780063996 0.13257957236294 0.137882381938629 0.20663039977034 0.173887157003885 -0.0149324436710156 -0.173992444240577 -0.19369844997497 -0.306842360760533 -0.292262433866738 -0.21652682908935 -0.215131252029792 -0.0219308423381063 -0.0857027142591422 -0.0837669639771725 -0.0380052644826187 -0.152311500204498 -0.234750718619085 -0.263268824442505 -0.295041912079898 -0.335995108752652 -0.329859104762353 -0.252080958092066 -0.277409096189413 -0.151172700585521 -0.112087933728266 -0.0490246603140636 -0.0817520631303464 -0.0980819884305147 -0.107727205163151 -0.182074982731449 -0.244624251783625 -0.284417145042058 -0.273430522453904 -0.226013561925732 -0.21273490640861 -0.216202582304611 -0.260296313759257 -0.178311982308728 -0.214069690733651 -0.264571103523039 -0.311648934449133 -0.365857020449155 -0.314052038625058 -0.121313392145387 -0.0942977829878422 -0.0144136972319196 -0.0600004613026145 -0.0592770008783617 0.00498529949557087 -0.181050817035394 -0.235166659060077 -0.349438892788476 -0.350263663735724 -0.324168476976281 -0.193146306033927 0.125693735460068 0.397243394270315 0.505784697012187 0.444233900922765 0.345414788858034 0.282458996738991 0.223386265920643 0.12867753427335 -0.0989899659714157 -0.199436919142297 -0.321681061350757 -0.309113741646415 -0.285887690968551 -0.200314837020953 2.34348454076802e-05 0.0327074793165646 0.180750124872655 0.119082297139488 0.190684453132604 0.203985842205063 0.107708986362094 -0.0678519745589036 -0.141044343761645 -0.134476741748838 -0.0626374013582034 -0.00183467319762234 -0.00640077077567953 -0.154458815679167 -0.227041968416322 -0.124751179245472 -0.125854599153868 -0.197006436265641 -0.148068840122547 0.0291811644797474 0.253671107261758 0.485917252426435 0.465467604280364 0.40548615159743
"15" 0.0930838253631427 0.128422161708725 -0.0632713043251421 -0.139273704687559 -0.173083392282775 -0.152833040896631 -0.113787103835653 -0.0437367476277695 -0.127452458686117 0.0487377818672834 0.209912237305703 0.474716774925518 0.585933434851482 0.726433743673497 1 0.765086636750794 0.48255404822212 0.21424406714503 -0.0184600399291039 -0.115965275394266 -0.0437689557977345 -0.172405049861352 -0.134004399274279 0.0523906132688288 0.0928541808390019 0.137398514707549 0.210643524181253 0.189408783817551 0.194792485628918 0.201899117750132 0.220826910391823 0.205717898208007 -0.082297878720996 -0.226685595020289 -0.181592539869838 -0.279026958766511 -0.334089042978913 -0.30258464945398 -0.256803407681244 -0.0557045397564758 -0.0520911088016583 -0.0162694637035664 0.00461821358031893 -0.106822265593704 -0.231633270015937 -0.319674253365061 -0.290499850187689 -0.38065244841526 -0.359835000432753 -0.289525097443 -0.293581214817608 -0.181272785857431 -0.0988894802178765 -0.0113715500966781 -0.0864004634426701 -0.0863162449161222 -0.155492466594977 -0.198360235075841 -0.241541067947786 -0.304786745668699 -0.286908664861131 -0.209234263779157 -0.163625521715461 -0.178519483928484 -0.193522661075732 -0.131470309473543 -0.147434933477396 -0.186978719795705 -0.291817060489671 -0.3759627560362 -0.352066887213963 -0.0990091866087924 -0.0361997689091135 0.0577878841465683 0.0141612503549134 -0.00985180539616339 0.0376657757421205 -0.124187400916091 -0.216094877445502 -0.306360238483502 -0.265977272712809 -0.207737393376835 -0.0664957286878421 0.25585771920293 0.564915331208089 0.568581908299993 0.432936503030668 0.277472778739829 0.22386025370749 0.170345920886263 0.0259485458053472 -0.16185667876847 -0.310299118260059 -0.373174146205466 -0.333963749214718 -0.32816825212391 -0.174152818712493 -0.00984097214488494 0.0088955284879941 0.246802781963901 0.0842196122746663 0.0698589249636487 0.102281058937309 0.0170855336082466 -0.0807183007522644 -0.132920329720306 -0.0804663953387082 -0.0171390660126024 0.0548426557453644 0.0348199421569603 -0.121834228639511 -0.215544476983003 -0.211730890330344 -0.265629084050717 -0.289142646415459 -0.229851937099641 -0.0787492700784365 0.0885693960108414 0.299587799236817 0.290770539889891 0.269610563347087
"16" 0.0679146016943897 0.0841852687573522 -0.0671188422374511 -0.113077183178209 -0.151193992428965 -0.13238990409195 -0.11376988519067 -0.0921690714144447 -0.107607123884991 0.0365216301581198 0.233961794137921 0.459591408298221 0.525807021801248 0.54451397404533 0.765086636750794 1 0.698884325374986 0.352653255733665 0.0741679827977614 -0.0401203888346681 -0.0454875127990581 -0.159215287759661 -0.0833621022885154 0.0394139547469602 -0.0289456212976736 0.0222233386126545 0.0821666242978318 0.0485899925960078 0.0679824852315248 0.111927574072172 0.15120157175563 0.103151550084463 -0.113109958564289 -0.203456559246341 -0.140782126356193 -0.231627985936705 -0.301688400511308 -0.306739308401686 -0.269234877191604 -0.116564121729833 -0.0571581653155695 -0.0392852668200512 -0.0394912661275903 -0.0656472670346344 -0.181425698764399 -0.253068419311553 -0.218347057996981 -0.293166367319856 -0.221360838514541 -0.196124532353261 -0.2708668296644 -0.170105326678224 -0.06910968965855 0.000147035974284551 -0.0584730749562972 -0.0721746768365054 -0.16464020871569 -0.176437148336918 -0.17961310743955 -0.225102044586326 -0.233739391499573 -0.165563074256666 -0.0992148158119941 -0.13678882288499 -0.152048568498043 -0.0616818085178082 -0.0634808394554636 -0.117357707399672 -0.207280041193446 -0.315102598130994 -0.347494448516248 -0.180212157475485 -0.0706375454123318 -0.00671875946621572 -0.0379908019873676 -0.0712138703500925 -0.0164598090620837 -0.0932425820571195 -0.0845708891743226 -0.211491329518201 -0.197003368525161 -0.119184002308776 0.0114948905339262 0.308120185309243 0.573688887944601 0.496878392577177 0.237987643032596 0.154049378715748 0.0862029031026489 0.0787930399814582 -0.0380575518591675 -0.184989393098437 -0.245452409883795 -0.296825221015107 -0.285147159835804 -0.274220733970183 -0.123314445105176 0.028164588370389 0.102987152887488 0.216855080696751 0.0384204090947808 0.0338609879293876 0.0494775232843201 0.0487980660335156 -0.00398759901272681 -0.0170711559519935 -0.00467947615941269 0.0478059467365453 0.107767117439044 0.0729891694565232 -0.0550084636170234 -0.137275258994698 -0.164225066010427 -0.192602256427286 -0.2306859470149 -0.155203650840777 -0.00666174214673596 0.0974106154735071 0.23817841751767 0.224504435260063 0.241644793622947
"17" 0.0130804557678675 0.0684378187459957 -0.0686531630210645 -0.0967932851854938 -0.160004856421767 -0.0975370097013726 -0.0607285531715834 0.0260829930536323 -0.013808015293591 0.0391032370879132 0.0837285560169216 0.251013446379876 0.243029108205198 0.282862061724518 0.48255404822212 0.698884325374986 1 0.742979413267259 0.354172673379657 0.16987888744032 -0.0144305819255227 -0.107199505138001 -0.0761427989330617 -0.00762735601320348 -0.0640004326497113 -0.00336947899373525 0.0782546532212447 0.0741950774590471 0.0584231625443866 0.07496832822522 0.122564728149029 0.055413920060749 -0.131940934248249 -0.186642496530213 -0.140757867022786 -0.203437458261847 -0.264559293228738 -0.236035027025102 -0.172143797586133 -0.0816286502688904 -0.0612212592017546 -0.0968890266626879 -0.121473520457261 -0.101754873604674 -0.143760706654553 -0.233305573016626 -0.185999902606685 -0.262181134490116 -0.12694710948244 -0.154504931775686 -0.290986991476938 -0.19306678142074 -0.0979654384096792 -0.0583711908221286 -0.107170050556677 -0.11621829149814 -0.183476352785877 -0.20933116510133 -0.218421099210538 -0.168131379266614 -0.148894474219653 -0.15653480233709 -0.112348697340358 -0.092475676726673 -0.102293087048337 -0.0186890833131284 0.0981914412264591 0.00955120336077231 -0.0918620120763784 -0.233140728939052 -0.304610963446427 -0.188897487187336 -0.134064797777402 -0.0343111099622641 -0.114556688594412 -0.124193602574108 -0.0865844783458361 -0.0824836983248589 -0.0195606648726432 -0.0889683610090595 -0.0242195392155306 0.148570901997038 0.329484949141885 0.4727167740939 0.457456757577395 0.425582461861993 0.127631269156149 0.0992735894308284 0.0628113939810653 0.0916662974953641 -0.0238404929737681 -0.0113336620098997 -0.0273275808589974 -0.11955133705194 -0.228870687121196 -0.221890032564033 -0.0752462393214956 -0.0061130564149124 0.0859414033343563 0.228487677514025 -0.0416647867236173 -0.0112874213409349 0.0315535015079387 0.0263475290609802 -0.000199134790187959 0.031589121479557 0.0351208860465322 0.116586217512042 0.158007154003774 0.101459818736499 -0.00980837320236149 -0.0637674347002206 -0.154912655111105 -0.101451048131893 -0.119485037409107 -0.0203097061896637 0.100476019655969 0.0498193881217055 0.0931613858850185 -0.0346709576032361 0.00815561090461022
