"V1" "V2" "V3" "V4" "V5" "V6" "V7" "V8" "V9" "V10" "V11" "V12" "V13" "V14" "V15" "V16" "V17" "V18" "V19" "V20" "V21" "V22" "V23" "V24" "V25" "V26" "V27" "V28" "V29" "V30" "V31" "V32" "V33" "V34" "V35" "V36" "V37" "V38" "V39" "V40" "V41" "V42" "V43" "V44" "V45" "V46" "V47" "V48" "V49" "V50" "V51" "V52" "V53" "V54" "V55" "V56" "V57" "V58" "V59" "V60" "V61" "V62" "V63" "V64" "V65" "V66" "V67" "V68" "V69" "V70" "V71" "V72" "V73" "V74" "V75" "V76" "V77" "V78" "V79" "V80" "V81" "V82" "V83" "V84" "V85" "V86" "V87" "V88" "V89" "V90" "V91" "V92" "V93" "V94" "V95" "V96" "V97" "V98" "V99" "V100" "V101" "V102"
"1" 1 0.711688372727539 0.445045948491336 0.12498496426129 -0.0430237929620189 -0.0748940373113269 -0.111441428294173 -0.00930683330151517 -0.179220654479651 -0.095583125890683 0.0170102141340113 0.0835100041365381 0.035102396753366 -0.00967622713806078 -0.033445412095477 0.0254166539723252 0.0603999982687904 0.16737921127757 0.115692379390915 -0.142130374840153 -0.102091726236587 -0.0530112328139099 -0.0357512556937128 -0.116133236813856 0.0205495584893642 -0.105130452633602 -0.238830214552048 -0.240082486521727 -0.108033539169277 0.0614350988072675 0.138085353492923 0.0456931042246898 0.00455181653849425 0.0406177079134278 0.0416377142177485 0.0221142871044158 -0.0272427607306928 0.0921301056617138 0.0052305176942146 -0.046845523606235 -0.0715903907551565 -0.181385531077103 -0.19386201221605 0.0322980446904929 0.0126682637174218 -0.0344452777381762 -0.0183126899943194 0.0307687603211168 0.0154017373823873 -0.0585534778811133 -0.0346514408374284 0.0374051873753478 0.0956310674070474 0.0210308484050548 -0.0742196430908746 -0.0500800657473316 -0.0840818586831206 -0.116699404678217 -0.104603679324374 -0.101533137099457 -0.113759318405474 -0.127951829490005 -0.142039855050488 -0.124598428410064 -0.099558643371122 -0.0709985262632914 -0.159807909896551 -0.0403443217348378 0.0352330836315366 -0.162128382337137 -0.0469196985136557 -0.0397022593450318 -0.074715142142759 -0.0703753588119322 -0.0365464333158407 -0.0419981441489196 -0.12082043211513 -0.0673689400735374 -0.0426381263023454 -0.0369084308194542 0.0122153761844505 0.0635681996357592 0.0670581182438558 0.101852489970842 0.114333926333518 0.0620912609989784 0.128066992897975 0.128036522357732 0.0803148051752896 0.0348739553155372 0.0881238694140677 0.0264566583273319 0.123975026534226 0.16866498236939 0.103985053211748 0.0966617804995475 0.109048130797267 0.0748820076927774 0.0995150025771349 0.0536282477830458 0.143725817772043 0.0615539780580369
"2" 0.711688372727539 1 0.696160746103748 0.249643227475419 0.00776620280599523 -0.045781267969779 -0.0663367420020886 0.0449947071102148 -0.117614147530667 -0.0831995254219549 -0.0084745656311456 0.0848305793338737 0.00144607666206806 -0.0311207613683353 -0.0637122811450028 -0.015571724310815 -0.0395923089851815 0.132574099902101 0.169095264225575 -0.146841834797479 -0.102468974247153 -0.0795089194192612 -0.0629316501053015 -0.0833397505141138 0.0487759557681762 -0.178751949664423 -0.365541036307912 -0.381485976478723 -0.221912482765052 0.13628735477914 0.235473443067496 0.129162674100234 0.0926305992491578 0.14403638879442 0.0772280725047515 0.0146308671804344 -0.0912040393777572 -0.027483164283719 -0.0905932607979998 -0.125603516162026 -0.178219240722702 -0.235294284379168 -0.207257351156093 0.09659204757339 0.0509567800392971 0.00471442270022474 -0.0425161337902789 0.100288884810065 0.0690729882191392 -0.0370940511624547 0.0343941214159237 0.0928104414772835 0.0826730487034861 -0.0036894933264685 -0.0871280991170105 0.0129483164185303 -0.0086627056401178 -0.0156894540487888 -0.00850764711612642 -0.0558938904171341 -0.0932025540095628 -0.139788085721023 -0.0666251887242912 -0.0927853438172739 -0.130294302773751 -0.121954476459689 -0.19262013546273 -0.0702008506241433 0.0248453970524789 -0.223356310097687 -0.0824736662061618 -0.066326245568363 -0.0948644449969155 -0.100885199083111 -0.0787907811857149 -0.1165633614371 -0.168129928215046 -0.0998325120676242 -0.0577067030024601 -0.0664837440006113 -0.0157030907032777 0.0300893218772807 0.0037862578164992 0.0877904103153408 0.126171180293761 0.169712325031595 0.234597849051593 0.288773932399212 0.280847317659348 0.187874838235336 0.278128658772253 0.352236588656791 0.438342366799609 0.459320702912263 0.28846718903303 0.264163466670816 0.170404450908004 0.111250088383203 0.108741374870307 0.00653645611425355 0.0709662268604153 0.00599399432381088
"3" 0.445045948491336 0.696160746103748 1 0.596500484131911 0.260015440450246 0.0957692224591411 0.0091854051794266 -0.0439692397414573 -0.255695094611028 -0.239042766300963 -0.151012651476299 -0.0212973149632383 -0.0248365114318411 -0.0306376949996354 -0.0288633116243853 0.0292280839469702 -0.00235652687082497 0.139726204739042 0.197085016313699 0.0011685082096969 0.0622375562760192 0.223175525870757 0.206633371611418 -0.10737648517079 0.0927189361497184 -0.277800370776876 -0.478324019968785 -0.526320702835308 -0.334262999703361 0.0909279141692179 0.234735731683292 0.203728221888278 0.110892837632315 0.16237129050066 0.038545595696323 -0.00183979388541934 -0.00223916344456931 0.00995736065193838 0.00205340199285533 -0.00771731185264189 -0.0468626025625679 -0.0525669520859439 -0.0991641078007879 0.023997965299025 0.0342414897980463 0.0140258236411467 0.0503499027386896 0.159361238680214 0.189193080758661 0.0559210990657231 0.0643606500809149 0.125492459265269 0.0921261769374081 0.0388924024398589 -0.0345037346770591 0.065137051856191 0.0117265874803449 0.0377073697530985 0.0601568439444132 0.0271859819805576 -0.00303338068322839 -0.000548678992927771 0.0565146054770811 0.0485693326081312 -0.105939509438439 -0.171847831735299 -0.212035476425779 -0.0803275582748126 0.0972673092881786 0.00352866768936179 0.0875914663569432 0.0185982996511496 -0.0279632614356434 -0.0334471749515193 -0.0387951356312524 -0.154023704987408 -0.142615579579228 -0.0899011419271509 -0.0830632783038345 -0.0853217204893292 -0.0168115349707509 -0.00128323160039747 -0.033102245344938 -0.010014986136511 0.0131086618805405 0.106359883017952 0.211620421224949 0.264505102378254 0.305428677394935 0.218179834636761 0.217566815860284 0.336831846401521 0.388512992319448 0.360607202754768 0.274044068529001 0.223139169835814 0.0460290817502073 -0.0503167973441877 -0.0744928136213674 -0.0645822091214616 0.0107058950894407 -0.0912405216929115
"4" 0.12498496426129 0.249643227475419 0.596500484131911 1 0.637710145695152 0.268303519741682 0.143328328200789 -0.0533020626333472 -0.170242843664165 -0.194296689431698 -0.192560146537519 -0.131595833538534 -0.044478814752676 0.000387339884006974 -0.00420402557194183 -0.0255826354639106 0.0095821587843427 0.0846566105891757 0.107469225247062 0.155264293978488 0.321695802996694 0.520240894038931 0.476981030283506 -0.0312410267774806 -0.0193014833253278 -0.2983841358541 -0.312676376305132 -0.388113695582429 -0.317073481834038 -0.0741495832183548 0.0722241913682094 0.173618292155802 0.109223161603251 0.0933907785667733 -0.0208852855938931 -0.0698482717442322 -0.00764662488517172 -0.0243190181167291 -0.0366739001055197 -0.00846065029259746 -0.0265478433708663 0.0288570875847614 -0.0197130339160418 -0.0608772864214416 -0.0482155162021193 -0.0597248076316477 0.0587964521876802 0.108540636354267 0.164987898547937 0.131076097160135 0.0830083531196691 0.0831538269139074 0.0652345271356928 -0.0187409023597921 -0.0150353164306086 0.0802247095407178 0.036506347678505 0.0435578815844608 0.0707629150697864 0.0257992563958368 -0.0171083650475646 0.072845165725586 0.144821134734692 0.164246180942089 0.0253550164480356 -0.0902655438188667 -0.0390931775714264 0.0536975472578518 0.205953751317244 0.270908563277555 0.250811392516465 0.147906575743197 0.0239198982688188 0.0246375503848355 -0.00150587345380205 -0.0983891469072513 -0.087925518159296 -0.0126720584651831 -0.0366671904863692 -0.0335638390047127 -0.0387256703824757 -0.0594935188829834 -0.0969646440647364 -0.155988969090456 -0.16302693671167 -0.0419669355048351 0.0615003337708977 0.0480685422812863 0.169345536724954 0.0964557077755199 0.0404841252486141 0.0690145885421586 0.122330374336232 0.171422960282256 0.194734984803422 0.027566497550458 -0.102599182742238 -0.14452634230354 -0.197332904945023 -0.132029225395616 -0.0782975101872322 -0.175373160957513
"5" -0.0430237929620189 0.00776620280599523 0.260015440450246 0.637710145695152 1 0.642745174657345 0.436670241371603 0.187523854010593 0.0088369835039003 -0.100925397405124 -0.172114906266864 -0.218650070846806 -0.124694671250349 -0.0973991351066116 -0.137309694425197 -0.127300872748775 -0.00100372917887766 0.0794130123017538 0.0347780314528881 0.322247416828884 0.41227427095114 0.49074586744455 0.430259223488498 0.00395251401508799 -0.0223757093956672 -0.143291309729546 -0.122176138306065 -0.222504288010412 -0.142038658574874 -0.046653558863687 0.0464342745867612 0.0813475347344848 0.0216132426445947 0.0437961556226653 -0.046273181921145 -0.0418348300877462 0.0698602088133765 0.0416741961815084 0.00431195454722379 0.045635483774358 0.0709701642430039 0.100743177402985 0.0353097326288283 -0.0619249583575494 -0.0703792719098685 -0.035298071018375 0.0579524589040945 0.060052768637621 0.046994314721079 0.108266681129938 0.0742800295522703 0.0221984706939189 0.0575217615549896 -0.0521780447315146 0.00316929947912498 0.0418197694075983 0.0728545624446618 0.0854027292667108 0.0987215256953684 0.0760626855689101 0.111099963199772 0.158366234510589 0.144912023487412 0.0914639570714437 0.010275971099635 -0.155658882092282 -0.117069200487478 -0.065333707887049 0.0413414472429823 0.259187478948844 0.331749815942624 0.264188547420413 0.158845415198167 0.0943832720067104 -0.0399398071435596 -0.128463979280253 -0.0837825543512105 -0.104425694673208 -0.215883999721284 -0.126752529123603 -0.157328211065302 -0.141462067569928 -0.101496364507036 -0.00689598337358873 -0.00785212739258978 0.00306942904931593 0.0445966823111269 -0.0692191784580248 0.00742266790805923 -0.0654557388082248 -0.0782670439975953 -0.0979826242826267 -0.109102418649259 -0.0338772479088127 0.0429197270484063 -0.0463538359218141 0.0314781388789067 -0.0597615457928341 -0.21034224959346 -0.182287294149846 -0.135685512956074 -0.202966932947701
"6" -0.0748940373113269 -0.045781267969779 0.0957692224591411 0.268303519741682 0.642745174657345 1 0.762856593114445 0.441958334615665 0.262716011783116 0.0470257246643027 -0.123979868482823 -0.210876774736976 -0.151066155924868 -0.189886271151267 -0.220083534783286 -0.14250852033695 -0.00442860260241863 0.0894334979511134 0.0594579760104934 0.367449147244584 0.424638610771934 0.257392065595391 0.167993834815262 -0.00273145428637895 -0.0115980100260309 -0.118655168527027 -0.169094819852479 -0.223840602615396 -0.16495221181879 -0.00394168944680052 0.107233489026739 0.0452155329233449 -0.0227308359441595 0.0660039915880799 -0.0162595783010127 -0.0119941985388358 0.0689589192988086 0.0399144898990857 0.0482059173018871 0.089148632920482 0.12257245681022 0.0810433865016122 0.00203905555706339 -0.0515864850173261 -0.00827972529716047 -0.0534407208965589 0.0556920219003643 0.0522127097534391 0.0112675495173815 0.0637634622336181 0.118777188820088 0.0259691175777017 -0.0127791634284916 -0.0482539013884553 0.0432719017751499 0.0756912727545333 0.0663435137736296 0.0569814184003695 0.0765960312590599 0.0220059736824296 0.0871351974677461 0.154889902906246 0.113044581328294 0.0579444814684097 -0.0267908210702461 -0.132817573853977 -0.144052152602746 -0.100190263923099 -0.0871316161932516 0.11061158912094 0.251678200638457 0.247327407552886 0.180966206083547 0.0848292370825922 -0.0878262416159268 -0.154975859005528 -0.11796570793201 -0.223734023208601 -0.287185180772324 -0.124982498969086 -0.142409581172029 -0.100253048214905 -0.0125762743666922 0.0998790965274282 0.105865931798369 -0.0322822375509169 -0.0227187966559748 0.00519421595648509 0.0742905715077407 0.0244459239812088 0.011711756817661 -0.0166007305008885 -0.0854567682583959 -0.100813042051741 -0.0483788800933441 -0.0127053624796146 0.14621411908461 0.0697471120245518 -0.0860905741757019 -0.165871281209493 -0.154015132835174 -0.15767733027273
"7" -0.111441428294173 -0.0663367420020886 0.0091854051794266 0.143328328200789 0.436670241371603 0.762856593114445 1 0.654895910587838 0.410010504945246 0.108780772857438 -0.0700747975406147 -0.182751137283389 -0.160173866274877 -0.153650475459485 -0.156365169067884 -0.158522325932071 -0.0853839233755156 -0.0475018917654655 -0.00225357219376113 0.284976516943668 0.397452151025236 0.196700068227946 0.0735490260230892 0.0146263841770641 -0.0152487847011343 -0.0372672939951755 -0.0908651132172093 -0.150078002664171 -0.120088501933637 0.0372658628772445 0.150994182563412 0.0355762061720557 -0.010417563270163 0.0633206744364385 -0.0185316983981748 0.00910567723604216 -0.0018596366348217 -0.0097903462632418 -0.00209266178175367 0.0242365435168239 0.066247853699462 0.0536424581615444 0.0144545462040777 -0.0474635916928796 0.0174425872941992 -0.0287167242740289 0.0619089224633194 0.0719565803475832 0.0360421168414683 0.126253207098209 0.127186994203653 0.0468549335239147 -0.0236057341985937 -0.0596372638690064 0.0365976712312762 0.0765645516976194 0.0424819922226965 0.0146875443480035 0.020069460246659 -0.0370655307906415 0.0629397201750194 0.112608736943058 0.133486143877581 0.0667009689856284 -0.0140587784619307 -0.141203174591744 -0.188682002086989 -0.139340801345422 -0.0998808099221563 0.0988482210872213 0.16197656432913 0.199769304635036 0.0868049062157172 -0.0633133241549666 -0.139888534812025 -0.134015690966199 -0.116122681171857 -0.210472073485933 -0.245510356633437 -0.0701572915886263 -0.0767552033040074 -0.0745914088457245 0.015239455346378 0.120465062224281 0.111351489646 -0.0718848346568508 -0.0502465613023501 0.0111914592724527 0.0239431044077123 0.00898278703777818 0.024609868392214 0.0122731448797259 -0.099111293061852 -0.090582326478425 -0.0533552090009473 -0.0244587646764556 0.215458137396884 0.152712850534224 -0.0274385647606428 -0.156244074872072 -0.154305013745306 -0.147390444586095
"8" -0.00930683330151517 0.0449947071102148 -0.0439692397414573 -0.0533020626333472 0.187523854010593 0.441958334615665 0.654895910587838 1 0.646869036012501 0.175099552514321 -0.02577740062816 -0.0774648911518165 -0.111887047175838 -0.105387066300482 -0.140241522705858 -0.20141737912175 -0.179689625643305 -0.0389354473128502 -0.040393478834034 0.0603636498121841 0.163778259653206 -0.0197874032500729 -0.0704293968333025 0.0737295570979208 0.00878914885460114 0.0690357029147099 -0.0698270467229708 -0.138301920674983 -0.063071750603329 0.167164088543861 0.168900116122933 0.0311427324100449 -0.0154653082326357 0.108530445926525 0.0976607698660183 0.0797970643031907 0.024743796846204 -0.0237968548209887 -0.126267184979022 -0.148063528260112 -0.098242010181806 -0.0671210791346483 0.0106943012141698 0.0549254613764064 0.0456030162244839 0.0120976215125102 -0.0186865527125803 0.0370256039829074 0.0363361347236314 0.0724084262502512 0.0666114560613632 0.0033987936645945 -0.037805849215141 -0.0873336836131634 0.00978606809917311 0.0457224539100822 0.033631289361815 -0.015882906448126 -0.0419905020556757 -0.114668710934258 -0.0461526083627507 -0.0296166776416965 0.0630387329036686 0.0529775753066862 -0.0329258476943757 -0.0881749439787179 -0.209016511494895 -0.14312020123686 -0.0948043752232273 -0.0339648472952381 0.0387250033026112 0.11234742160301 0.00227374753281621 -0.127972476266711 -0.222867198155172 -0.192065582195513 -0.151936170454662 -0.130289194223251 -0.133842984221732 -0.00631190584268897 0.00879364858992982 0.0242878732563766 0.106337889068112 0.210625839765761 0.21723992044296 0.0112146372937752 -0.0515052084914509 0.0718678855070712 0.0391381501136422 -0.0195022466440053 0.059837569352941 0.0272852378372149 -0.0301311057355558 0.0390265185896253 0.0332726627926219 0.0508865793219407 0.289603186393238 0.292916266142471 0.105852443640469 -0.124994544703301 -0.104245724889937 -0.111705329144358
"9" -0.179220654479651 -0.117614147530667 -0.255695094611028 -0.170242843664165 0.0088369835039003 0.262716011783116 0.410010504945246 0.646869036012501 1 0.530865021750857 0.274040408894522 0.0749110941360337 -0.022218505055343 -0.018379272033795 -0.0954923896711555 -0.201063834780594 -0.233863921401136 -0.182299450241839 -0.231542778055764 -0.0753739485729313 -0.015535647806813 -0.137501300452836 -0.211088483405867 0.00809832839622092 -0.115887185886919 0.0163409169497734 0.0535724601903656 0.0528588058382671 0.00592185496640906 0.0764342296598738 0.0171326200168292 -0.0145498578699868 0.0293926132137523 0.104636368818839 0.14723939273686 0.125843153730137 0.0337263238352775 -0.112584898077204 -0.179083165176948 -0.165893581106223 -0.145101558767743 -0.0758007591575276 0.055636688228652 0.139489276088994 0.0500727177916936 -0.0196547456261577 -0.0545734997847761 -0.077074209150926 -0.0852730723636559 -0.00928173489167081 0.013702209452041 -0.0361629919253847 -0.118359798125161 -0.150326038923781 -0.0558952447039201 -0.0601977932029127 -0.0808021638864575 -0.03992535105342 -0.0350856358679527 -0.130045555268424 -0.15578707461057 -0.147133727361591 -0.0444492742386409 0.000575469806505376 0.0470510612244227 -0.0267968093691574 0.0203777905304959 0.0175482159418955 -0.0814705156614134 -0.0669723159912211 -0.115136295433764 -0.0313700670150326 -0.0675003849328107 -0.175523761740308 -0.215820882777506 -0.155867121380569 -0.125700722833908 -0.103175220249066 -0.0313809785459842 0.0394514713867572 0.0638366048605077 0.0882340639030786 0.194282814559815 0.198156370671587 0.19096247312041 0.052019298232223 -0.0754479109810804 0.0232601552001995 0.0664797484142323 -0.00924947066466533 0.0415305383438624 -0.0146754606803167 -0.0596809636379741 0.0298876946434811 0.0220527891379759 0.0788892464331485 0.223193718764251 0.329109064692642 0.320633677154863 0.151634553198821 0.0456933080350924 0.0559019419487545
"10" -0.095583125890683 -0.0831995254219549 -0.239042766300963 -0.194296689431698 -0.100925397405124 0.0470257246643027 0.108780772857438 0.175099552514321 0.530865021750857 1 0.609870561018526 0.370771508367331 0.252621141144247 0.141602501013093 -0.0175023653084178 -0.00227966761393051 -0.0665669461936093 -0.128942222132462 -0.206039553409328 -0.206368032000048 -0.179337642725186 -0.27561090257283 -0.21370392143499 0.0783771009262652 0.0161458953231066 0.110544549726031 0.0935542142024588 0.157296356839933 0.0617205685975444 -0.0723056663667859 0.00372098463462547 -0.157511648445859 -0.130594375149064 -0.0812353961229187 -0.0115616181722917 -0.0243011387722063 -0.0780461627614719 -0.145723319783104 -0.152358125728286 -0.123803275597108 -0.139192888756793 -0.114667191665523 -0.0984516333468427 0.062359172106694 -0.0303866371223463 -0.124180230415985 -0.136086693837636 -0.103231356634623 -0.097085712508815 -0.103847879941534 -0.0274721272192257 -0.00657643645477472 -0.100166474954238 -0.0995679470595009 -0.0680272844714176 -0.114392909269069 -0.152098807061158 -0.0753122003166151 -0.102617252599404 -0.146094923788419 -0.1700337520503 -0.223349884048262 -0.154563288641926 -0.132131783815945 -0.0539303738404835 -0.0505479919436827 -0.0171561663909222 -0.0339013582767704 -0.217844994188192 -0.172721042586425 -0.281952978685427 -0.221186761015624 -0.0994437668270951 -0.159813971670253 -0.0845798185424142 0.0199846797276883 0.0258465420869654 0.0662794913302733 0.136703040734685 0.149850339313028 0.064789733621443 0.152770595962105 0.173470281706821 0.111789023844404 0.0444991330105332 -0.0723876235053125 -0.174095518293975 -0.0557995117292719 0.0287331604851296 -0.0318850120028719 0.0201420310238572 -0.0194177138117393 -0.0428556929574751 -0.000473852773304696 -0.0758545572993518 -0.0368047728320623 0.134251757477866 0.246132211350938 0.457105356281468 0.319818288340331 0.183991177795309 0.304469786462008
"11" 0.0170102141340113 -0.0084745656311456 -0.151012651476299 -0.192560146537519 -0.172114906266864 -0.123979868482823 -0.0700747975406147 -0.02577740062816 0.274040408894522 0.609870561018526 1 0.6563359188737 0.419199129772858 0.220125347519195 0.0265758621069903 0.111379257279912 -0.0536907894673944 -0.113801517054765 -0.163692440664593 -0.22740866190064 -0.281333997535773 -0.287276183127224 -0.322531045649573 -0.157148025445124 -0.187208506596925 -0.0710985297523699 0.113514196419453 0.165244885632436 0.126139174271833 -0.0182289304292459 -0.0512233939242401 -0.0409472802115284 0.0409689932825681 -0.0386471209992928 0.0308111312135529 -0.0298380948426791 -0.155876045556113 -0.157859796013384 -0.186438427106369 -0.224687437679593 -0.224114572288029 -0.142630773200826 -0.0839180277061651 0.0411533976613262 -0.059610911050608 -0.0827649303450176 -0.055251694433519 -0.0954751937769756 -0.0776436338897273 -0.111349358145661 -0.0538601201812737 0.00502523129683559 -0.0381793930784245 -0.0110674175551205 -0.0504962038767689 -0.0953513585290296 -0.134465909017187 -0.111281152190259 -0.0950554013334303 -0.16125356992682 -0.198450792156903 -0.203308669276385 -0.166378541683856 -0.11927389496249 -0.0125321051915568 0.0191006909150195 0.102211385714862 0.0398147459857971 -0.11944315434506 -0.18313605092585 -0.286897067712404 -0.163851876910704 -0.087131774413693 -0.220073897177714 -0.0859629762021525 -0.0354115283915544 -0.0539187806001404 -0.0415649292919074 0.0583809372432815 -0.00693063266780979 -0.0246700321372856 0.043076543134173 0.0282230943060731 0.0313034892138913 -0.0165032543167914 -0.0646403823409189 -0.0337596883097887 0.0153302356066227 0.0524991819480352 0.0361365205312281 0.0543963716246441 0.0411487304178831 -0.0643114495280702 -0.0420237725902133 -0.115996228409129 -0.0644006340466764 0.0961669652641286 0.186835380402091 0.408608193557487 0.628053664819058 0.544327693703712 0.642117671967512
"12" 0.0835100041365381 0.0848305793338737 -0.0212973149632383 -0.131595833538534 -0.218650070846806 -0.210876774736976 -0.182751137283389 -0.0774648911518165 0.0749110941360337 0.370771508367331 0.6563359188737 1 0.690322252623738 0.372957510080797 0.17439759105075 0.298571767895442 0.0654556813099676 0.100541780848937 -0.0507681242763191 -0.292751900352993 -0.304343837056382 -0.320695141408505 -0.278117466073276 -0.0606172247116907 -0.0516792015528731 -0.00267451219677007 0.0101741056255219 0.108506439357678 0.176943612221613 0.0986074842642153 0.0935096851158747 0.00837600249980589 -0.00390053457749513 -0.128457572870222 -0.11800739862135 -0.211746671855476 -0.261583793003324 -0.170193512467236 -0.216065591144363 -0.235441672851254 -0.231744538606627 -0.185319675762952 -0.116364979043357 -0.137278149272297 -0.185298285514829 -0.136094436640799 -0.0668300216971899 -0.0217965623439781 0.0135446123696402 -0.0742013277451932 -0.0707801734919896 -0.0247527612062813 -0.0372827503994306 0.0294548906260653 -0.0364968248324759 -0.0659673345306758 -0.0974258736413086 -0.111358367902982 -0.088105501284481 -0.145439625196254 -0.200334684013132 -0.217756744680294 -0.159963730061656 -0.186106312533583 -0.0902933962235372 -0.0581208186646934 -0.00786784048563366 0.0205620247473848 -0.136257455620979 -0.206304185310794 -0.292033894356739 -0.215551200327818 -0.135126325855789 -0.152285355636768 -0.133262008913077 0.020522251244131 0.0806217222794344 0.0333348435288686 0.147045738073869 0.0220422522956551 0.0522421874940628 0.199543559465262 0.0229392429441392 -0.0758519023702971 -0.153270493576615 -0.196193074655089 -0.143268222457288 0.0234770452901121 0.106816732962991 0.0864916311550122 0.132463460712635 0.056627152596665 -0.0223323269626706 0.00886788681675435 -0.141490941797577 -0.154545407797901 -0.0498528772385302 0.0299933569089586 0.311498358808371 0.468894233751186 0.51513167089803 0.575048847435832
"13" 0.035102396753366 0.00144607666206806 -0.0248365114318411 -0.044478814752676 -0.124694671250349 -0.151066155924868 -0.160173866274877 -0.111887047175838 -0.022218505055343 0.252621141144247 0.419199129772858 0.690322252623738 1 0.644824074329696 0.167424908831369 0.290776856458435 0.0467164696574743 -0.00318312693715063 -0.0637795917310511 -0.216613194419781 -0.156348028462409 -0.168306850870651 -0.0818389538879075 0.0746604279075757 0.0124776736928555 0.0734620868966099 0.0848225353349762 0.0959373074862322 0.153135338690734 0.108016971068507 0.0906804584792458 0.00968124166793583 0.0172439804493604 -0.083048854933497 -0.0873839330146238 -0.175368832511304 -0.199148676063252 -0.147445289729965 -0.164826957410092 -0.160700932997896 -0.118700604599268 -0.0778664337895502 -0.0330694124955408 -0.0607790256099988 -0.154830703672105 -0.145711007188717 -0.0318465253267936 0.0174133130222571 0.0863779538779652 0.00540147330750535 -0.0649222732624361 -0.0756757502927065 -0.14301429322527 -0.0817488163524262 -0.113284329545335 -0.0997187171084489 -0.15328711710453 -0.126202718679121 -0.102998333564191 -0.173345900373584 -0.231100239573108 -0.229905369751208 -0.0736133302914849 -0.112087782676508 -0.0779248709956084 -0.140894840902117 -0.0827912867843763 -0.105801850754173 -0.172596940592753 -0.0750405576392146 -0.124190308424945 -0.169655512392659 -0.122492357990364 -0.198506379348212 -0.166376553464609 0.060070059154962 0.0637515211202729 0.0289099068421341 0.115892335298501 0.0285757701002605 0.0202787146778235 0.176498783437156 -0.0244850528648527 -0.12629341271719 -0.233729468130424 -0.233021579568434 -0.128332566129616 -0.0243772307067194 0.0481508629878657 0.0582423984599405 0.0722448329596769 0.0241033950723718 -0.0407468261088793 -0.0169827379466187 -0.144997243373467 -0.15275757352274 -0.1158547563894 -0.0365588205787388 0.115392596546487 0.299380538636866 0.417465966532111 0.43271379161615
"14" -0.00967622713806078 -0.0311207613683353 -0.0306376949996354 0.000387339884006974 -0.0973991351066116 -0.189886271151267 -0.153650475459485 -0.105387066300482 -0.018379272033795 0.141602501013093 0.220125347519195 0.372957510080797 0.644824074329696 1 0.545603817790484 0.416228503459604 0.113367733169916 0.0181721886493578 -0.0230578429537917 -0.121719444316446 -0.0848311517419629 -0.132167028631711 -0.0489962571624098 0.104202915214447 0.0628754607864209 0.112664998755079 0.0322122657710981 0.0595655602851234 0.00659213250709252 0.0298230354485982 0.0390841334935775 -0.0738496789717393 -0.108588323322772 -0.152092326957176 -0.157052110744401 -0.224287932980694 -0.23552367591392 -0.23045349433566 -0.183886516766629 -0.173005880520604 -0.181042939844028 -0.114089003953745 -0.0610372525674773 -0.15450083717445 -0.251823019522847 -0.242764258996473 -0.139643411853456 -0.0618390087771659 0.0118576532025996 -0.033483010959927 -0.137325200161631 -0.164125599768474 -0.195984394541634 -0.154317880584098 -0.147221480417799 -0.195962172556296 -0.216924073390614 -0.159758898450056 -0.137792835574412 -0.133803226855737 -0.162108218302856 -0.15080381619528 -0.0573817429156413 0.00424188178316531 0.0085240560966812 -0.036006328626705 -0.021750489522062 -0.010152435678333 -0.073168705489404 0.00489383101573084 0.00516848143719571 -0.0925141174788667 -0.0877042056851383 -0.0875410700386875 0.00911272391092759 0.304037978079839 0.329980603905906 0.259477942426192 0.245220152857637 0.170342363886987 0.161850423664648 0.171706230977815 -0.0207039584208404 -0.101205103545177 -0.1844993551927 -0.179628842846632 -0.143686294671915 -0.0559418481591577 0.00291694031960929 0.0208249101216581 0.0352881804934722 0.0209086355448809 -0.0553083535376535 -0.0106947725480881 -0.0539039894221131 -0.124258272377786 -0.155527517974786 -0.0451346792307255 0.0745881074539849 0.109051898487282 0.230871539351909 0.158837736960231
"15" -0.033445412095477 -0.0637122811450028 -0.0288633116243853 -0.00420402557194183 -0.137309694425197 -0.220083534783286 -0.156365169067884 -0.140241522705858 -0.0954923896711555 -0.0175023653084178 0.0265758621069903 0.17439759105075 0.167424908831369 0.545603817790484 1 0.683938256303756 0.272561170777405 0.0690879488246578 0.0539627793249453 -0.0622908253612252 0.0194232110507467 -0.0995010009641928 0.0149547023287149 0.0826590807229845 0.105377012694273 0.112810753712694 -0.0126380546335083 0.106302573691469 -0.00268173004551593 -0.0673480645473451 -0.0235777531216842 -0.149161648763004 -0.205063467167234 -0.215795368380173 -0.221710488685334 -0.305998849649672 -0.265371548936946 -0.224569756188173 -0.193468355242722 -0.173198308969699 -0.177432111384787 -0.128785817399744 -0.111696512683722 -0.220407233550227 -0.21840780651238 -0.127190506877423 -0.122634304798529 -0.0571949996227152 -0.059201939398812 -0.0594167678183993 -0.0791995738494235 -0.0613928551182014 -0.0699037972343644 0.0196973961852013 0.00555157381664772 -0.0761450627700782 -0.0647221527806524 -0.0104162113610542 -0.0180746669305661 0.0098933813509891 -0.00585939641236044 -0.0378524292205133 -0.0576411428810634 -0.14415391611604 -0.0882619738871908 -0.0055734459884262 0.0138833612269988 0.125065654159632 -0.0235996856428604 -0.0830245380844435 -0.0837117257958234 -0.109159653913882 -0.0560886189832557 0.0781839596160018 0.205136291491565 0.459812618378123 0.538787348615726 0.455507782324442 0.235376770304448 0.163666537108439 0.159341362015746 0.00249457744720487 -0.147680564056042 -0.223095011901579 -0.205191219484761 -0.119093701323284 -0.187784929158932 -0.089822420207848 -0.0548769374568076 0.0524305245437479 0.0515218708286474 0.0561631699123402 -0.0710057240231791 -0.0408605622139087 -0.0655675820576915 -0.152898276601668 -0.249020124784256 -0.190589403170505 -0.0860832895598416 -0.0979530897957893 0.0087550673372889 -0.0324094592312187
"16" 0.0254166539723252 -0.015571724310815 0.0292280839469702 -0.0255826354639106 -0.127300872748775 -0.14250852033695 -0.158522325932071 -0.20141737912175 -0.201063834780594 -0.00227966761393051 0.111379257279912 0.298571767895442 0.290776856458435 0.416228503459604 0.683938256303756 1 0.617404743892975 0.271440848207443 0.180652412899828 -0.0372734910721575 0.00544835427534625 -0.102540845911503 0.000102658904599361 0.087383479112646 0.105672473733318 0.168747903585744 0.045105182146982 0.0343178917082158 -0.00471102491794115 -0.130445303966184 0.0254972818259141 -0.0945621811707545 -0.154414194259293 -0.151930488330052 -0.201193859435965 -0.354851444314466 -0.283535641458611 -0.198995103835152 -0.160906377199242 -0.136192688711522 -0.126188705774211 -0.086526115358127 -0.125418663233573 -0.237746677725251 -0.199743312903416 -0.0965051464252499 -0.0300317862670615 -0.00340480418633419 -0.0407123203289357 -0.0521355129508926 -0.0611148732742668 -0.0351047858335877 -0.00973553752233015 0.1261033292085 0.0790175835894994 -0.00431048135576492 0.00338652789211341 0.0565400224552212 0.063848957503171 0.0905005431095244 0.0502220495121204 -0.0100719183740521 -0.0813457022703992 -0.179280830403931 -0.141644519932043 -0.172191947084306 -0.1331528289438 -0.0159873001395251 -0.194250821721517 -0.131773694253845 -0.0588993941717454 -0.0421179577026214 0.107122961520202 0.161312224354233 0.335620374015694 0.521967306027788 0.454855933829998 0.284306425828975 0.107963229899754 -0.0257798711044181 0.0252278143153751 -0.071298193799984 -0.24648477782517 -0.26205880313541 -0.235401788252925 -0.193386257376592 -0.225370838546281 -0.0660768088293739 -0.0687447147457665 0.116932330463722 0.117490990492947 0.0934250023437041 -0.0504418402693001 -0.0741096081245108 -0.129086027532574 -0.16286541317372 -0.254592337707589 -0.247682043155278 -0.120822318494973 -0.0594211767777347 0.0348533362994087 0.0367406313648432
"17" 0.0603999982687904 -0.0395923089851815 -0.00235652687082497 0.0095821587843427 -0.00100372917887766 -0.00442860260241863 -0.0853839233755156 -0.179689625643305 -0.233863921401136 -0.0665669461936093 -0.0536907894673944 0.0654556813099676 0.0467164696574743 0.113367733169916 0.272561170777405 0.617404743892975 1 0.615732148907631 0.37364521697746 0.0970598201717051 0.0109406646201757 0.0346737268805602 0.0204714298649192 0.0184457095811464 -0.0092742153007672 0.0299257606720649 -0.0123028203544523 -0.0988598441896492 -0.10777723450366 -0.149051023942672 0.0182819344346676 0.0447568757580718 -0.0499293023741417 -0.116383061880773 -0.184078559675816 -0.20416597381688 -0.0915509020664228 -0.0694481306312248 -0.0753731331506741 -0.0400615919743231 0.00961447153666195 0.0168144156393241 -0.0516787227316959 -0.156620591022233 -0.135963371314588 -0.0526420724271872 0.0195526503261108 0.0812560951287698 0.0446507508346068 0.00946870794808451 0.00610626780273316 0.0156066911301604 0.0514642376700201 0.122407171599909 0.0872253537074812 0.0486739020682243 0.0630397774578702 0.0936982698194999 0.0831534739101781 0.183968252972611 0.187803496926109 0.183310297718709 0.00995434549493119 -0.0810793285794331 -0.0737615543138558 -0.128785964748007 -0.0745635209807997 -0.061144123880361 -0.198631793852186 -0.0690947719136216 0.00225774185763571 0.0604911952231986 0.280927170559935 0.425646542226054 0.586759063292724 0.394383716196165 0.251694591644148 0.126395081497826 -0.0470847472580394 -0.183430837291766 -0.109613768688559 -0.128854550237117 -0.193622768048109 -0.178325579084649 -0.142620779672424 -0.141832178943056 -0.130672021922062 -0.120383646367405 -0.120059336349099 0.0594400256654968 0.037026430007025 -0.025233192070539 -0.0872152196748629 -0.070181055734695 -0.0495974853495844 -0.103123354010006 -0.198799920086249 -0.20313664504968 -0.137942645815241 -0.134859583727593 -0.0772826009639874 -0.104771598534061
"18" 0.16737921127757 0.132574099902101 0.139726204739042 0.0846566105891757 0.0794130123017538 0.0894334979511134 -0.0475018917654655 -0.0389354473128502 -0.182299450241839 -0.128942222132462 -0.113801517054765 0.100541780848937 -0.00318312693715063 0.0181721886493578 0.0690879488246578 0.271440848207443 0.615732148907631 1 0.577453682331073 0.117575825110667 0.0589533917022757 0.0354120329327617 -0.00431487493997747 -0.0386514636467291 -0.0115624405623264 -0.0382076229701173 -0.147064980754427 -0.213794578854738 -0.150507582131929 -0.0461405840998009 0.121469006642505 0.119016165418787 -0.00571871666107633 -0.0900466964147184 -0.143203511286422 -0.133570361498341 -0.0725371639795484 -0.0664931141427517 -0.0272747384444692 -0.000986982024926994 -0.0309794783684771 0.0011875559751781 -0.0580460684615828 -0.151185228916184 -0.178549221004668 -0.125531449936969 -0.0480202483544768 0.0695457936095614 0.0495811768007646 -0.0238176700439386 -0.0165493628653343 0.0110756003899753 0.0339956307317762 0.0542692896317051 0.02727214439868 0.00777719170816369 0.00676900166360468 0.0222912583486365 0.109101174712367 0.14884137332877 0.121424360634858 0.122778714981849 0.054231829281963 -0.0492694735820745 -0.0829518636569613 -0.116184221623504 -0.106817093138583 -0.0424287326325277 -0.0747674779243015 -0.0304632540360895 0.0579763811033103 0.0616630271221573 0.296254962928455 0.486736981292704 0.351566736693466 0.162112026569552 0.126419141547824 0.0301770685382848 0.000603799500286888 -0.102417779466723 -0.0282351678137842 0.00537900525518092 -0.0809209907561715 -0.120864774880923 -0.0489069645614706 -0.0493805704538981 -0.0354287034198912 -0.0212197530491921 0.0533588942229594 0.125856356216591 0.116672465361038 0.0302459538133511 0.00345127141937126 0.00366953058115729 -0.0666067297127666 -0.134999103054602 -0.158988139744411 -0.167029974126001 -0.0652318116924047 -0.127397304214906 -0.0887302152444868 -0.164397653133053
"19" 0.115692379390915 0.169095264225575 0.197085016313699 0.107469225247062 0.0347780314528881 0.0594579760104934 -0.00225357219376113 -0.040393478834034 -0.231542778055764 -0.206039553409328 -0.163692440664593 -0.0507681242763191 -0.0637795917310511 -0.0230578429537917 0.0539627793249453 0.180652412899828 0.37364521697746 0.577453682331073 1 0.369468715925375 0.181917126469811 0.110770016493884 0.065452771556046 -0.079020934498009 0.0828439606010032 -0.086727566554871 -0.266115985249398 -0.291354355533273 -0.240077646289278 -0.0738738728592505 0.18509915090456 0.146454032875949 0.0697072828070321 0.0494263814904441 -0.0714570485218079 -0.0493234806937858 0.0338779967387202 -0.0672232387008668 -0.0670033673939181 -0.0462342724562471 -0.0447211248600862 0.0231219396177447 0.00902974054289916 -0.0159392607287166 0.00594675220467577 0.0768317812468821 0.0247677818066364 0.155295597271761 0.157005814358232 0.0774776786945833 0.0709809227317094 0.101307901531773 0.0883116768851866 0.119539119008057 0.0881598095866702 0.0810730817499231 0.0858470857977855 0.0696301009105063 0.172245497132552 0.149547380364281 0.163713052767949 0.206410351509331 0.181329230318449 0.0446450168577316 -0.116897238283761 -0.156968436059765 -0.214483994402011 -0.140191248751587 -0.0887288598171221 -0.000864386796609919 0.254198982026914 0.255609548949136 0.392781722736087 0.312438690533693 0.276451254629982 0.0765435578777248 -0.0239862299869607 -0.00179486843005294 -0.0171318605838883 -0.141101267838259 -0.0895750021501078 -0.0525545626241157 -0.148722109380175 -0.0935778463612169 0.0365125988629244 0.0404657442796593 0.0525786931097699 0.0763466310147475 0.0573041717015225 0.158521349624743 0.0730124378553451 0.036861290721701 0.0795285011446973 0.0368376580692646 -0.02668153703972 -0.0107014442195035 -0.0922792258516189 -0.131714868024934 -0.0850224612486241 -0.126731963752799 -0.0881953590112112 -0.191032644939337
"20" -0.142130374840153 -0.146841834797479 0.0011685082096969 0.155264293978488 0.322247416828884 0.367449147244584 0.284976516943668 0.0603636498121841 -0.0753739485729313 -0.206368032000048 -0.22740866190064 -0.292751900352993 -0.216613194419781 -0.121719444316446 -0.0622908253612252 -0.0372734910721575 0.0970598201717051 0.117575825110667 0.369468715925375 1 0.526541823882395 0.404176759898962 0.223985194681978 -0.146831040664055 -0.0597028906882142 -0.123754314820879 -0.0661887910599329 -0.214281043070781 -0.231676336574655 -0.139395207126441 -0.0152630183058482 0.120645564431936 0.0379156707477916 0.0349249521699664 -0.0546619616354117 0.0218409888103658 0.108602061072786 -0.0308108196847273 -0.0335901766544783 0.0106987185758222 0.0692289710714912 0.16783123143415 0.1703654415931 0.0260605456621901 0.0188416781337233 0.0779070313306537 0.101503071287665 0.0958738641605628 0.0931085954483848 0.158348040038298 0.160798582734866 0.105436163609829 0.0201211489299721 -0.0199990968610237 0.0481167344437877 0.0177994845479509 0.0269545785190459 0.0574350294769432 0.129455503766771 0.115660531602684 0.183476136102962 0.267262677995903 0.214193824309732 0.231153223954969 0.0572352883160345 -0.0337199350013018 -0.0141142329501445 -0.02607675255227 0.0222615940075949 0.252113743788084 0.439180601317328 0.432625268042605 0.302742318592247 0.200713708470181 0.0509420712744872 -0.0863086070998915 -0.0310163065520927 -0.141190195486728 -0.180225732044388 -0.144019305948206 -0.0549295597739677 -0.0828412819539153 -0.095943367832733 -0.00775370642053421 0.0477912975378845 0.0462838675387831 0.0499856847314779 -0.0589984470061828 -0.0432595640319211 -0.00356690490023495 -0.133303704788192 -0.123079445398487 -0.106170046986529 -0.11677171183205 -0.0582981626108423 -0.0215644103292266 -0.0353094582652968 -0.157099094782018 -0.241225098475549 -0.162853579986388 -0.140730282354958 -0.204399166741172
