"V1"	"V2"	"V3"	"V4"	"V5"	"V6"	"V7"	"V8"	"V9"	"V10"	"V11"	"V12"	"V13"	"V14"	"V15"	"V16"	"V17"	"V18"	"V19"	"V20"	"V21"	"V22"	"V23"	"V24"	"V25"	"V26"	"V27"	"V28"	"V29"	"V30"	"V31"	"V32"	"V33"	"V34"	"V35"	"V36"	"V37"	"V38"	"V39"	"V40"	"V41"	"V42"	"V43"	"V44"	"V45"	"V46"	"V47"	"V48"	"V49"	"V50"	"V51"	"V52"	"V53"	"V54"	"V55"	"V56"	"V57"	"V58"	"V59"	"V60"	"V61"	"V62"	"V63"	"V64"	"V65"	"V66"	"V67"	"V68"	"V69"	"V70"	"V71"	"V72"	"V73"	"V74"	"V75"	"V76"	"V77"	"V78"	"V79"	"V80"	"V81"	"V82"	"V83"	"V84"	"V85"	"V86"	"V87"	"V88"	"V89"	"V90"	"V91"	"V92"	"V93"	"V94"	"V95"	"V96"	"V97"	"V98"	"V99"	"V100"
"1"	0	0.905	0.999	1.074	1.057	1.203	1.025	1.053	0.964	1.008	1.516	1.487	1.384	1.87	1.75	1.564	1.663	1.205	1.161	1.287	1.077	1.232	1.214	0.967	1.151	1.342	1.219	1.209	1.351	1.336	1.647	1.623	1.577	1.584	1.711	1.532	1.589	1.61	1.378	1.291	1.673	1.471	1.491	1.722	1.609	1.41	1.434	1.652	1.357	1.701	1.496	1.715	1.629	1.872	1.879	1.625	1.349	1.418	1.541	1.431	1.286	1.387	1.519	2.011	1.989	1.795	1.744	1.636	1.454	1.487	1.653	1.407	1.559	1.639	1.562	1.575	1.535	1.595	1.675	1.884	1.711	1.675	1.625	1.498	1.678	1.689	1.685	1.542	1.515	1.424	1.579	1.41	1.626	1.635	1.495	1.584	1.459	1.615	1.732	1.513
"2"	0.905	0	0.86	1.09	1.098	0.897	0.872	0.982	0.955	0.942	1.303	1.255	1.32	1.602	1.419	1.287	1.347	1.066	1.042	1.074	0.969	1.032	1.054	0.946	1.161	1.112	1.23	1.118	1.103	1.281	1.559	1.365	1.423	1.43	1.645	1.377	1.434	1.468	1.189	1.275	1.466	1.485	1.447	1.645	1.417	1.352	1.502	1.465	1.229	1.364	1.464	1.441	1.351	1.614	1.759	1.549	1.356	1.414	1.402	1.434	1.194	1.219	1.414	1.724	1.79	1.673	1.569	1.438	1.444	1.467	1.691	1.446	1.445	1.637	1.372	1.499	1.5	1.422	1.768	1.699	1.584	1.451	1.419	1.394	1.498	1.563	1.518	1.349	1.446	1.523	1.553	1.501	1.507	1.785	1.48	1.564	1.569	1.615	1.793	1.445
"3"	0.999	0.86	0	0.921	1.012	1.123	1.006	0.912	1.016	1.083	1.129	1.132	1.146	1.443	1.281	1.223	1.248	1.212	1.318	1.244	1.093	1.247	1.23	1.03	1.106	1.164	1.057	1.217	1.182	1.214	1.591	1.546	1.537	1.471	1.829	1.51	1.397	1.491	1.308	1.328	1.526	1.363	1.35	1.557	1.525	1.4	1.298	1.384	1.37	1.56	1.609	1.574	1.592	1.718	1.706	1.679	1.491	1.493	1.422	1.415	1.342	1.51	1.38	1.752	1.707	1.529	1.639	1.594	1.403	1.369	1.644	1.418	1.415	1.506	1.415	1.537	1.482	1.43	1.727	1.54	1.789	1.572	1.554	1.455	1.507	1.559	1.465	1.418	1.48	1.611	1.682	1.532	1.737	1.904	1.682	1.742	1.703	1.804	1.918	1.64
"4"	1.074	1.09	0.921	0	0.974	1.324	1.229	1.181	1.256	1.339	1.427	1.285	1.358	1.623	1.633	1.443	1.417	1.444	1.471	1.529	1.376	1.508	1.508	1.232	1.237	1.475	1.308	1.428	1.238	1.452	1.827	1.746	1.727	1.65	1.902	1.697	1.66	1.731	1.551	1.574	1.733	1.536	1.599	1.801	1.592	1.708	1.556	1.553	1.486	1.74	1.806	1.806	1.767	1.844	1.923	1.837	1.727	1.692	1.648	1.586	1.501	1.662	1.522	1.936	2.012	1.759	1.894	1.756	1.563	1.566	1.839	1.596	1.61	1.547	1.589	1.641	1.646	1.669	1.852	1.734	1.971	1.776	1.723	1.531	1.717	1.784	1.711	1.703	1.685	1.804	1.907	1.755	1.917	2.026	1.896	1.924	1.894	1.983	2.179	1.826
"5"	1.057	1.098	1.012	0.974	0	1.189	1.05	1.241	1.02	0.999	1.336	1.338	1.439	1.79	1.7	1.528	1.551	1.33	1.461	1.296	1.399	1.351	1.334	1.052	1.291	1.468	1.216	1.258	1.207	1.407	1.693	1.557	1.601	1.647	1.699	1.611	1.605	1.699	1.512	1.454	1.708	1.641	1.596	1.723	1.52	1.679	1.64	1.65	1.435	1.743	1.86	1.846	1.757	1.873	1.952	1.717	1.613	1.564	1.628	1.588	1.441	1.524	1.584	2.009	2.017	1.819	1.873	1.78	1.502	1.521	1.758	1.481	1.612	1.601	1.611	1.618	1.641	1.581	1.771	1.793	1.77	1.736	1.651	1.553	1.712	1.756	1.664	1.594	1.561	1.658	1.76	1.67	1.727	1.823	1.721	1.767	1.701	1.811	1.981	1.648
"6"	1.203	0.897	1.123	1.324	1.189	0	1.002	1.047	0.99	1.024	1.316	1.363	1.424	1.647	1.552	1.449	1.383	1.146	1.17	0.931	1.208	1.144	1.202	0.983	1.258	1.341	1.334	1.204	1.085	1.369	1.484	1.298	1.491	1.453	1.566	1.397	1.507	1.502	1.303	1.401	1.5	1.644	1.683	1.717	1.273	1.437	1.76	1.523	1.251	1.361	1.779	1.498	1.356	1.51	1.861	1.537	1.428	1.485	1.517	1.619	1.245	1.243	1.592	1.867	1.838	1.831	1.739	1.574	1.492	1.552	1.748	1.406	1.437	1.682	1.401	1.5	1.556	1.383	1.836	1.675	1.521	1.479	1.389	1.393	1.578	1.626	1.477	1.343	1.316	1.446	1.512	1.53	1.411	1.86	1.481	1.486	1.561	1.557	1.831	1.347
"7"	1.025	0.872	1.006	1.229	1.05	1.002	0	0.87	0.885	0.866	1.225	1.184	1.226	1.593	1.449	1.347	1.337	1.098	1.185	1.058	0.96	1.023	1.074	0.978	1.209	1.196	1.064	1.093	1.222	1.265	1.442	1.332	1.314	1.356	1.527	1.355	1.396	1.365	1.123	1.066	1.435	1.408	1.324	1.584	1.371	1.308	1.379	1.458	1.279	1.427	1.437	1.416	1.39	1.704	1.702	1.684	1.332	1.362	1.346	1.334	1.132	1.366	1.348	1.703	1.713	1.653	1.476	1.478	1.37	1.358	1.454	1.21	1.337	1.584	1.348	1.358	1.349	1.316	1.484	1.568	1.503	1.451	1.431	1.397	1.417	1.481	1.374	1.225	1.301	1.358	1.424	1.334	1.398	1.589	1.425	1.445	1.425	1.416	1.529	1.326
"8"	1.053	0.982	0.912	1.181	1.241	1.047	0.87	0	0.974	1.077	1.158	1.239	1.215	1.485	1.428	1.377	1.284	1.126	1.189	1.218	0.958	1.196	1.133	1.01	1.182	1.179	1.056	1.219	1.239	1.145	1.494	1.443	1.46	1.348	1.727	1.45	1.416	1.328	1.194	1.161	1.382	1.246	1.33	1.563	1.429	1.278	1.256	1.364	1.319	1.502	1.452	1.436	1.421	1.701	1.634	1.691	1.349	1.405	1.344	1.347	1.235	1.495	1.374	1.71	1.634	1.548	1.626	1.519	1.344	1.361	1.402	1.195	1.341	1.536	1.335	1.364	1.307	1.331	1.59	1.491	1.657	1.526	1.507	1.376	1.416	1.544	1.433	1.366	1.331	1.404	1.53	1.299	1.536	1.749	1.511	1.554	1.51	1.492	1.618	1.46
"9"	0.964	0.955	1.016	1.256	1.02	0.99	0.885	0.974	0	0.811	1.17	1.226	1.172	1.631	1.464	1.335	1.413	0.928	1.108	0.95	1.1	0.998	1.06	0.82	0.983	1.179	1.112	0.818	1.036	1.166	1.332	1.225	1.279	1.432	1.432	1.317	1.299	1.26	1.139	1.103	1.436	1.362	1.362	1.432	1.334	1.277	1.409	1.446	1.149	1.342	1.49	1.418	1.332	1.562	1.659	1.478	1.308	1.361	1.322	1.338	1.11	1.207	1.38	1.784	1.7	1.624	1.548	1.418	1.301	1.283	1.541	1.235	1.364	1.48	1.344	1.28	1.283	1.296	1.574	1.548	1.441	1.462	1.462	1.347	1.47	1.549	1.431	1.348	1.327	1.329	1.447	1.438	1.467	1.632	1.378	1.471	1.387	1.489	1.592	1.361
"10"	1.008	0.942	1.083	1.339	0.999	1.024	0.866	1.077	0.811	0	1.252	1.351	1.385	1.781	1.616	1.508	1.535	1.166	1.308	1.086	1.16	1.126	1.15	0.919	1.265	1.359	1.173	1.076	1.235	1.295	1.453	1.297	1.393	1.467	1.577	1.463	1.51	1.466	1.297	1.253	1.593	1.53	1.455	1.578	1.418	1.388	1.538	1.588	1.271	1.543	1.654	1.657	1.519	1.75	1.861	1.551	1.327	1.416	1.462	1.463	1.268	1.353	1.555	1.924	1.832	1.812	1.698	1.632	1.451	1.5	1.65	1.313	1.488	1.647	1.447	1.48	1.494	1.458	1.699	1.733	1.506	1.589	1.546	1.525	1.627	1.689	1.581	1.432	1.385	1.355	1.498	1.399	1.506	1.684	1.469	1.498	1.41	1.449	1.631	1.392
"11"	1.516	1.303	1.129	1.427	1.336	1.316	1.225	1.158	1.17	1.252	0	0.775	0.977	1.018	0.998	1.131	1.142	1.242	1.416	1.255	1.292	1.299	1.286	1.223	1.184	1.234	1.036	1.343	1.302	1.294	1.629	1.522	1.351	1.605	1.927	1.577	1.463	1.448	1.37	1.438	1.604	1.53	1.375	1.537	1.559	1.549	1.434	1.244	1.457	1.484	1.719	1.448	1.507	1.648	1.496	1.785	1.722	1.625	1.524	1.638	1.446	1.658	1.397	1.575	1.466	1.43	1.585	1.68	1.556	1.404	1.782	1.532	1.459	1.612	1.398	1.39	1.504	1.451	1.747	1.428	1.69	1.532	1.478	1.542	1.469	1.548	1.44	1.375	1.489	1.671	1.857	1.779	1.797	1.973	1.809	1.779	1.843	1.82	1.859	1.743
"12"	1.487	1.255	1.132	1.285	1.338	1.363	1.184	1.239	1.226	1.351	0.775	0	0.896	0.941	1.019	0.979	1.057	1.226	1.427	1.435	1.379	1.243	1.417	1.281	1.146	1.204	1.082	1.244	1.32	1.431	1.826	1.702	1.489	1.719	1.983	1.669	1.591	1.556	1.52	1.518	1.723	1.615	1.445	1.736	1.653	1.658	1.483	1.344	1.537	1.518	1.726	1.503	1.608	1.764	1.612	1.959	1.814	1.731	1.597	1.647	1.492	1.641	1.455	1.645	1.617	1.537	1.612	1.632	1.697	1.466	1.911	1.668	1.577	1.695	1.49	1.498	1.582	1.563	1.82	1.532	1.85	1.592	1.607	1.535	1.541	1.609	1.557	1.498	1.687	1.833	1.98	1.912	1.97	2.032	1.891	1.961	1.929	1.976	1.999	1.871
"13"	1.384	1.32	1.146	1.358	1.439	1.424	1.226	1.215	1.172	1.385	0.977	0.896	0	1.089	1.137	1.045	1.139	1.235	1.35	1.427	1.333	1.197	1.388	1.248	1.094	1.24	1.134	1.252	1.444	1.393	1.731	1.699	1.494	1.711	1.947	1.599	1.49	1.455	1.487	1.41	1.704	1.558	1.376	1.648	1.755	1.509	1.335	1.374	1.523	1.527	1.634	1.497	1.552	1.746	1.585	1.873	1.748	1.711	1.601	1.646	1.439	1.646	1.467	1.724	1.584	1.474	1.563	1.616	1.652	1.417	1.836	1.618	1.55	1.72	1.538	1.498	1.524	1.553	1.753	1.508	1.764	1.59	1.654	1.561	1.526	1.587	1.51	1.473	1.637	1.689	1.848	1.794	1.954	1.949	1.792	1.852	1.805	1.889	1.894	1.814
"14"	1.87	1.602	1.443	1.623	1.79	1.647	1.593	1.485	1.631	1.781	1.018	0.941	1.089	0	0.95	1.076	0.946	1.491	1.6	1.637	1.601	1.542	1.608	1.603	1.39	1.358	1.388	1.639	1.577	1.577	1.943	1.851	1.656	1.84	2.232	1.813	1.723	1.683	1.71	1.794	1.82	1.783	1.635	1.804	1.867	1.745	1.663	1.328	1.721	1.652	1.921	1.566	1.635	1.698	1.514	2.012	2.076	1.934	1.767	1.925	1.692	1.96	1.571	1.609	1.493	1.474	1.709	1.807	1.853	1.634	2.079	1.923	1.654	1.832	1.602	1.648	1.799	1.653	2.051	1.504	1.969	1.612	1.644	1.653	1.56	1.646	1.624	1.604	1.844	2.004	2.213	2.161	2.137	2.338	2.169	2.154	2.183	2.174	2.264	2.089
"15"	1.75	1.419	1.281	1.633	1.7	1.552	1.449	1.428	1.464	1.616	0.998	1.019	1.137	0.95	0	0.931	1.075	1.365	1.458	1.424	1.371	1.335	1.337	1.475	1.182	1.197	1.231	1.425	1.488	1.492	1.758	1.733	1.46	1.727	2.12	1.679	1.527	1.596	1.53	1.627	1.676	1.641	1.511	1.697	1.818	1.581	1.513	1.293	1.679	1.516	1.719	1.482	1.516	1.69	1.437	1.865	1.887	1.729	1.602	1.783	1.51	1.802	1.409	1.475	1.442	1.353	1.482	1.696	1.705	1.425	1.939	1.811	1.552	1.711	1.546	1.551	1.696	1.544	1.923	1.494	1.808	1.525	1.551	1.623	1.482	1.551	1.506	1.434	1.765	1.913	2.068	2.039	1.964	2.188	1.985	1.979	1.997	2.033	2.073	1.97
"16"	1.564	1.287	1.223	1.443	1.528	1.449	1.347	1.377	1.335	1.508	1.131	0.979	1.045	1.076	0.931	0	1.063	1.139	1.301	1.453	1.398	1.184	1.324	1.377	1.166	1.099	1.179	1.302	1.391	1.507	1.774	1.689	1.474	1.734	2.023	1.619	1.548	1.493	1.49	1.593	1.768	1.666	1.447	1.722	1.809	1.575	1.534	1.396	1.511	1.356	1.696	1.504	1.536	1.694	1.564	1.838	1.841	1.738	1.601	1.757	1.494	1.57	1.422	1.621	1.597	1.435	1.574	1.546	1.701	1.445	1.989	1.77	1.553	1.751	1.586	1.585	1.657	1.537	1.908	1.574	1.804	1.484	1.604	1.599	1.502	1.514	1.465	1.401	1.689	1.843	1.96	1.985	1.955	2.048	1.831	1.938	1.942	2.023	2.058	1.871
"17"	1.663	1.347	1.248	1.417	1.551	1.383	1.337	1.284	1.413	1.535	1.142	1.057	1.139	0.946	1.075	1.063	0	1.297	1.463	1.416	1.464	1.407	1.444	1.379	1.342	1.278	1.346	1.389	1.324	1.455	1.743	1.566	1.545	1.562	1.892	1.577	1.578	1.506	1.472	1.582	1.591	1.637	1.538	1.692	1.56	1.616	1.586	1.216	1.463	1.462	1.748	1.469	1.426	1.539	1.551	1.822	1.826	1.753	1.533	1.69	1.387	1.698	1.435	1.631	1.541	1.468	1.595	1.623	1.77	1.582	1.915	1.695	1.497	1.682	1.508	1.573	1.689	1.512	1.929	1.408	1.801	1.563	1.569	1.467	1.487	1.591	1.496	1.484	1.669	1.803	2.001	1.916	1.892	2.12	1.925	1.908	1.94	1.961	2.123	1.8
"18"	1.205	1.066	1.212	1.444	1.33	1.146	1.098	1.126	0.928	1.166	1.242	1.226	1.235	1.491	1.365	1.139	1.297	0	0.81	0.992	0.988	0.827	0.99	0.871	0.97	0.863	1.118	0.86	0.954	1.022	1.375	1.217	1.177	1.292	1.424	1.146	1.269	1.167	1.03	1.091	1.343	1.334	1.263	1.472	1.336	1.177	1.402	1.294	1.031	1.14	1.31	1.248	1.181	1.423	1.47	1.366	1.212	1.225	1.175	1.304	1.087	1.055	1.274	1.561	1.476	1.44	1.352	1.193	1.315	1.223	1.567	1.33	1.299	1.488	1.292	1.289	1.388	1.203	1.597	1.511	1.353	1.237	1.284	1.251	1.248	1.269	1.265	1.123	1.186	1.269	1.378	1.473	1.369	1.494	1.202	1.338	1.343	1.464	1.513	1.331
"19"	1.161	1.042	1.318	1.471	1.461	1.17	1.185	1.189	1.108	1.308	1.416	1.427	1.35	1.6	1.458	1.301	1.463	0.81	0	1.04	0.936	0.979	1.041	1.038	1.036	1.023	1.318	1.147	1.146	1.168	1.429	1.375	1.303	1.348	1.545	1.147	1.379	1.3	1.123	1.231	1.34	1.359	1.427	1.595	1.442	1.161	1.473	1.344	1.126	1.214	1.313	1.24	1.115	1.389	1.528	1.367	1.253	1.262	1.299	1.434	1.075	1.152	1.332	1.607	1.617	1.496	1.448	1.314	1.394	1.374	1.598	1.424	1.336	1.593	1.344	1.325	1.44	1.271	1.662	1.661	1.363	1.208	1.255	1.268	1.297	1.321	1.359	1.197	1.266	1.292	1.396	1.482	1.338	1.558	1.254	1.313	1.35	1.466	1.561	1.327
"20"	1.287	1.074	1.244	1.529	1.296	0.931	1.058	1.218	0.95	1.086	1.255	1.435	1.427	1.637	1.424	1.453	1.416	0.992	1.04	0	1.051	1.08	0.907	1.047	1.174	1.24	1.205	1.143	1.016	1.116	1.154	1.052	1.162	1.289	1.379	1.192	1.276	1.318	1.065	1.206	1.269	1.44	1.442	1.358	1.156	1.237	1.585	1.324	1.039	1.237	1.536	1.32	1.124	1.359	1.544	1.272	1.264	1.201	1.259	1.41	1.027	1.236	1.299	1.537	1.523	1.554	1.496	1.454	1.25	1.338	1.524	1.294	1.21	1.488	1.252	1.286	1.414	1.171	1.595	1.512	1.249	1.23	1.16	1.292	1.327	1.405	1.274	1.096	1.112	1.248	1.375	1.45	1.152	1.643	1.37	1.275	1.364	1.364	1.611	1.201
"21"	1.077	0.969	1.093	1.376	1.399	1.208	0.96	0.958	1.1	1.16	1.292	1.379	1.333	1.601	1.371	1.398	1.464	0.988	0.936	1.051	0	1.022	0.858	1.011	1.086	0.99	1.041	1.188	1.202	1.03	1.351	1.355	1.193	1.168	1.553	1.152	1.258	1.293	0.979	1.059	1.209	1.213	1.158	1.419	1.36	1.037	1.214	1.262	1.19	1.387	1.11	1.218	1.237	1.58	1.427	1.453	1.064	1.095	1.08	1.158	1.051	1.324	1.189	1.457	1.495	1.405	1.263	1.387	1.282	1.295	1.367	1.238	1.255	1.487	1.272	1.324	1.388	1.283	1.509	1.548	1.417	1.33	1.264	1.358	1.27	1.353	1.31	1.14	1.202	1.265	1.37	1.242	1.281	1.522	1.316	1.273	1.334	1.332	1.392	1.302
"22"	1.232	1.032	1.247	1.508	1.351	1.144	1.023	1.196	0.998	1.126	1.299	1.243	1.197	1.542	1.335	1.184	1.407	0.827	0.979	1.08	1.022	0	0.976	1.003	1.024	0.992	1.201	0.822	1.16	1.301	1.477	1.328	1.2	1.423	1.535	1.276	1.328	1.325	1.181	1.17	1.415	1.502	1.349	1.577	1.449	1.286	1.49	1.433	1.181	1.158	1.37	1.321	1.228	1.575	1.59	1.494	1.29	1.269	1.252	1.416	1.117	1.057	1.348	1.611	1.577	1.545	1.395	1.182	1.402	1.264	1.627	1.433	1.354	1.596	1.375	1.353	1.399	1.241	1.62	1.563	1.355	1.219	1.327	1.308	1.36	1.294	1.339	1.129	1.357	1.384	1.426	1.539	1.463	1.587	1.269	1.452	1.397	1.532	1.556	1.382
"23"	1.214	1.054	1.23	1.508	1.334	1.202	1.074	1.133	1.06	1.15	1.286	1.417	1.388	1.608	1.337	1.324	1.444	0.99	1.041	0.907	0.858	0.976	0	1.065	1.135	0.949	1.042	1.223	1.176	1.16	1.284	1.235	1.072	1.303	1.501	1.164	1.271	1.338	1.082	1.207	1.261	1.373	1.287	1.343	1.345	1.201	1.361	1.319	1.138	1.315	1.242	1.272	1.161	1.56	1.368	1.361	1.277	1.142	1.166	1.316	1.068	1.32	1.162	1.445	1.475	1.358	1.33	1.418	1.276	1.313	1.465	1.357	1.279	1.503	1.319	1.358	1.453	1.273	1.55	1.591	1.351	1.255	1.2	1.373	1.352	1.387	1.324	1.149	1.3	1.397	1.522	1.475	1.3	1.609	1.413	1.373	1.435	1.431	1.543	1.388
"24"	0.967	0.946	1.03	1.232	1.052	0.983	0.978	1.01	0.82	0.919	1.223	1.281	1.248	1.603	1.475	1.377	1.379	0.871	1.038	1.047	1.011	1.003	1.065	0	0.975	1.086	1.08	0.914	1.003	1.036	1.367	1.289	1.338	1.287	1.429	1.21	1.312	1.321	1.131	1.127	1.392	1.368	1.382	1.515	1.29	1.247	1.38	1.363	1.121	1.428	1.518	1.457	1.344	1.564	1.656	1.432	1.222	1.241	1.279	1.335	1.124	1.216	1.365	1.751	1.687	1.601	1.505	1.432	1.409	1.338	1.533	1.261	1.386	1.509	1.38	1.39	1.434	1.348	1.623	1.616	1.506	1.449	1.394	1.331	1.421	1.493	1.457	1.312	1.213	1.306	1.399	1.374	1.389	1.556	1.339	1.374	1.319	1.418	1.581	1.324
"25"	1.151	1.161	1.106	1.237	1.291	1.258	1.209	1.182	0.983	1.265	1.184	1.146	1.094	1.39	1.182	1.166	1.342	0.97	1.036	1.174	1.086	1.024	1.135	0.975	0	1.046	1.053	0.905	1.136	1.171	1.517	1.538	1.333	1.539	1.681	1.358	1.348	1.396	1.262	1.275	1.474	1.338	1.381	1.539	1.492	1.335	1.315	1.303	1.312	1.325	1.475	1.362	1.323	1.508	1.498	1.534	1.447	1.341	1.339	1.384	1.193	1.36	1.238	1.602	1.584	1.405	1.457	1.489	1.425	1.222	1.676	1.499	1.388	1.372	1.425	1.333	1.448	1.363	1.645	1.527	1.561	1.399	1.421	1.324	1.413	1.434	1.44	1.357	1.452	1.506	1.635	1.653	1.65	1.767	1.527	1.602	1.533	1.674	1.75	1.623
"26"	1.342	1.112	1.164	1.475	1.468	1.341	1.196	1.179	1.179	1.359	1.234	1.204	1.24	1.358	1.197	1.099	1.278	0.863	1.023	1.24	0.99	0.992	0.949	1.086	1.046	0	1.092	1.152	1.218	1.206	1.547	1.444	1.264	1.467	1.66	1.281	1.339	1.367	1.241	1.352	1.401	1.392	1.307	1.528	1.537	1.324	1.363	1.316	1.276	1.221	1.287	1.227	1.309	1.573	1.438	1.605	1.473	1.382	1.25	1.389	1.27	1.373	1.284	1.512	1.513	1.384	1.18	1.241	1.43	1.276	1.609	1.454	1.304	1.53	1.319	1.371	1.458	1.269	1.632	1.495	1.531	1.191	1.269	1.351	1.251	1.255	1.212	1.153	1.377	1.53	1.591	1.573	1.524	1.721	1.485	1.568	1.606	1.668	1.666	1.556
"27"	1.219	1.23	1.057	1.308	1.216	1.334	1.064	1.056	1.112	1.173	1.036	1.082	1.134	1.388	1.231	1.179	1.346	1.118	1.318	1.205	1.041	1.201	1.042	1.08	1.053	1.092	0	1.199	1.251	1.118	1.446	1.512	1.295	1.402	1.76	1.472	1.324	1.413	1.265	1.247	1.486	1.335	1.169	1.422	1.503	1.345	1.14	1.257	1.345	1.571	1.422	1.484	1.547	1.792	1.463	1.698	1.439	1.326	1.331	1.301	1.319	1.582	1.263	1.504	1.506	1.404	1.48	1.598	1.369	1.246	1.484	1.323	1.353	1.465	1.364	1.393	1.414	1.383	1.479	1.497	1.658	1.471	1.41	1.457	1.353	1.482	1.395	1.296	1.396	1.497	1.686	1.489	1.611	1.631	1.64	1.607	1.551	1.566	1.607	1.576
"28"	1.209	1.118	1.217	1.428	1.258	1.204	1.093	1.219	0.818	1.076	1.343	1.244	1.252	1.639	1.425	1.302	1.389	0.86	1.147	1.143	1.188	0.822	1.223	0.914	0.905	1.152	1.199	0	1.039	1.233	1.49	1.364	1.346	1.462	1.484	1.359	1.389	1.342	1.249	1.172	1.443	1.462	1.408	1.551	1.417	1.327	1.489	1.458	1.248	1.318	1.51	1.49	1.343	1.611	1.695	1.529	1.344	1.377	1.31	1.358	1.183	1.186	1.421	1.733	1.682	1.641	1.502	1.289	1.444	1.267	1.646	1.394	1.418	1.453	1.414	1.352	1.374	1.274	1.66	1.53	1.45	1.412	1.485	1.28	1.41	1.465	1.473	1.325	1.425	1.4	1.477	1.565	1.56	1.644	1.349	1.544	1.341	1.568	1.637	1.423
"29"	1.351	1.103	1.182	1.238	1.207	1.085	1.222	1.239	1.036	1.235	1.302	1.32	1.444	1.577	1.488	1.391	1.324	0.954	1.146	1.016	1.202	1.16	1.176	1.003	1.136	1.218	1.251	1.039	0	1.072	1.353	1.143	1.288	1.268	1.403	1.255	1.308	1.366	1.122	1.269	1.281	1.411	1.444	1.463	1.133	1.351	1.607	1.254	0.964	1.245	1.603	1.435	1.27	1.345	1.617	1.32	1.329	1.318	1.255	1.387	1.218	1.196	1.327	1.591	1.585	1.547	1.594	1.379	1.33	1.352	1.645	1.363	1.337	1.292	1.267	1.345	1.476	1.223	1.761	1.472	1.425	1.383	1.275	1.28	1.361	1.445	1.363	1.29	1.28	1.464	1.53	1.577	1.428	1.78	1.445	1.478	1.505	1.614	1.849	1.398
"30"	1.336	1.281	1.214	1.452	1.407	1.369	1.265	1.145	1.166	1.295	1.294	1.431	1.393	1.577	1.492	1.507	1.455	1.022	1.168	1.116	1.03	1.301	1.16	1.036	1.171	1.206	1.118	1.233	1.072	0	1.195	1.29	1.247	1.149	1.533	1.181	1.203	1.19	1.068	0.991	1.129	1.164	1.208	1.26	1.263	1.127	1.166	1.078	1.079	1.435	1.373	1.324	1.259	1.439	1.349	1.376	1.158	1.125	1.131	1.168	1.16	1.449	1.238	1.442	1.321	1.336	1.449	1.45	1.236	1.231	1.339	1.178	1.233	1.288	1.225	1.28	1.344	1.203	1.547	1.412	1.497	1.316	1.287	1.256	1.177	1.346	1.313	1.253	1.11	1.184	1.381	1.289	1.352	1.602	1.398	1.358	1.333	1.354	1.493	1.349
"31"	1.647	1.559	1.591	1.827	1.693	1.484	1.442	1.494	1.332	1.453	1.629	1.826	1.731	1.943	1.758	1.774	1.743	1.375	1.429	1.154	1.351	1.477	1.284	1.367	1.517	1.547	1.446	1.49	1.353	1.195	0	0.896	1.031	1.057	1.213	1.051	0.961	1.057	0.955	1.126	1.095	1.189	1.202	0.95	1.239	1.026	1.357	1.18	1.071	1.362	1.446	1.294	1.178	1.222	1.296	1.138	1.193	0.977	1.037	1.195	1.147	1.55	1.141	1.373	1.362	1.369	1.414	1.392	1.259	1.319	1.324	1.149	1.038	1.367	1.208	1.266	1.278	1.115	1.296	1.326	1.24	1.291	1.221	1.402	1.288	1.377	1.186	1.21	1.063	1.192	1.147	1.342	1.125	1.507	1.444	1.201	1.28	1.18	1.422	1.178
"32"	1.623	1.365	1.546	1.746	1.557	1.298	1.332	1.443	1.225	1.297	1.522	1.702	1.699	1.851	1.733	1.689	1.566	1.217	1.375	1.052	1.355	1.328	1.235	1.289	1.538	1.444	1.512	1.364	1.143	1.29	0.896	0	0.956	1.021	1.045	1.068	1.061	1.051	0.903	1.182	1.09	1.298	1.283	1.14	0.954	1.11	1.573	1.205	0.927	1.088	1.5	1.238	1.023	1.083	1.436	1.026	1.154	1.071	1.05	1.246	1.084	1.282	1.237	1.448	1.416	1.449	1.408	1.263	1.227	1.38	1.471	1.223	1.147	1.437	1.192	1.261	1.354	1.094	1.517	1.339	1.119	1.271	1.205	1.32	1.338	1.383	1.219	1.15	1.092	1.238	1.259	1.417	1.126	1.598	1.396	1.285	1.381	1.289	1.58	1.166
"33"	1.577	1.423	1.537	1.727	1.601	1.491	1.314	1.46	1.279	1.393	1.351	1.489	1.494	1.656	1.46	1.474	1.545	1.177	1.303	1.162	1.193	1.2	1.072	1.338	1.333	1.264	1.295	1.346	1.288	1.247	1.031	0.956	0	1.184	1.273	1.03	1.035	1.008	0.885	1.074	1.113	1.169	1.04	1.044	1.246	1.101	1.269	1.115	1.045	1.1	1.197	1.04	1.004	1.22	1.112	1.232	1.18	0.983	0.946	1.175	1.013	1.375	0.976	1.188	1.212	1.154	1.131	1.214	1.235	1.172	1.364	1.262	1.096	1.343	1.16	1.067	1.269	1.122	1.303	1.31	1.129	1.179	1.177	1.308	1.223	1.188	1.179	1.068	1.205	1.294	1.42	1.471	1.302	1.491	1.434	1.351	1.442	1.34	1.498	1.372
"34"	1.584	1.43	1.471	1.65	1.647	1.453	1.356	1.348	1.432	1.467	1.605	1.719	1.711	1.84	1.727	1.734	1.562	1.292	1.348	1.289	1.168	1.423	1.303	1.287	1.539	1.467	1.402	1.462	1.268	1.149	1.057	1.021	1.184	0	1.234	1.021	1.171	1.13	0.903	1.04	0.917	1.16	1.139	1.246	0.992	0.955	1.356	1.049	1.113	1.426	1.329	1.288	1.2	1.312	1.355	1.234	0.956	0.976	0.95	1.052	1.121	1.424	1.213	1.394	1.363	1.4	1.399	1.312	1.32	1.482	1.391	1.234	1.234	1.474	1.248	1.392	1.49	1.242	1.503	1.391	1.464	1.421	1.25	1.371	1.27	1.37	1.37	1.221	1.137	1.21	1.318	1.277	1.216	1.435	1.397	1.287	1.302	1.291	1.497	1.207
"35"	1.711	1.645	1.829	1.902	1.699	1.566	1.527	1.727	1.432	1.577	1.927	1.983	1.947	2.232	2.12	2.023	1.892	1.424	1.545	1.379	1.553	1.535	1.501	1.429	1.681	1.66	1.76	1.484	1.403	1.533	1.213	1.045	1.273	1.234	0	1.072	1.314	1.28	1.176	1.298	1.244	1.516	1.528	1.432	1.119	1.318	1.762	1.542	1.178	1.43	1.618	1.491	1.339	1.391	1.709	1.315	1.223	1.207	1.243	1.333	1.22	1.401	1.496	1.788	1.737	1.765	1.487	1.35	1.504	1.633	1.597	1.452	1.434	1.626	1.562	1.531	1.615	1.403	1.554	1.677	1.398	1.576	1.487	1.502	1.577	1.588	1.549	1.449	1.304	1.341	1.281	1.558	1.281	1.481	1.433	1.394	1.425	1.444	1.655	1.282
"36"	1.532	1.377	1.51	1.697	1.611	1.397	1.355	1.45	1.317	1.463	1.577	1.669	1.599	1.813	1.679	1.619	1.577	1.146	1.147	1.192	1.152	1.276	1.164	1.21	1.358	1.281	1.472	1.359	1.255	1.181	1.051	1.068	1.03	1.021	1.072	0	1.018	0.975	0.844	1.046	0.964	1.185	1.12	1.153	1.144	0.989	1.344	1.112	0.988	1.144	1.25	1.054	0.892	1.127	1.275	1.131	1.042	0.984	0.929	1.138	0.899	1.248	1.064	1.399	1.364	1.289	1.168	1.185	1.363	1.371	1.408	1.27	1.15	1.429	1.211	1.244	1.389	1.156	1.426	1.391	1.183	1.189	1.153	1.229	1.231	1.224	1.17	1.129	1.066	1.176	1.205	1.368	1.122	1.447	1.217	1.154	1.249	1.324	1.43	1.158
"37"	1.589	1.434	1.397	1.66	1.605	1.507	1.396	1.416	1.299	1.51	1.463	1.591	1.49	1.723	1.527	1.548	1.578	1.269	1.379	1.276	1.258	1.328	1.271	1.312	1.348	1.339	1.324	1.389	1.308	1.203	0.961	1.061	1.035	1.171	1.314	1.018	0	0.958	0.944	1.075	1.136	1.135	1.065	1.044	1.297	1.06	1.153	1.092	1.146	1.262	1.291	1.162	1.138	1.257	1.194	1.243	1.244	1.062	0.977	1.163	1.085	1.492	1.022	1.273	1.236	1.095	1.154	1.247	1.206	1.08	1.275	1.211	1.032	1.312	1.145	1.201	1.177	1.088	1.275	1.135	1.282	1.203	1.241	1.287	1.188	1.18	1.078	1.14	1.153	1.359	1.315	1.403	1.33	1.574	1.437	1.418	1.42	1.399	1.509	1.387
"38"	1.61	1.468	1.491	1.731	1.699	1.502	1.365	1.328	1.26	1.466	1.448	1.556	1.455	1.683	1.596	1.493	1.506	1.167	1.3	1.318	1.293	1.325	1.338	1.321	1.396	1.367	1.413	1.342	1.366	1.19	1.057	1.051	1.008	1.13	1.28	0.975	0.958	0	0.854	0.938	1.101	1.021	0.965	1.064	1.252	0.987	1.153	1.102	1.087	1.125	1.29	1.127	1.029	1.209	1.207	1.368	1.179	1.117	0.967	1.111	1.039	1.434	1.131	1.36	1.203	1.171	1.258	1.115	1.24	1.19	1.287	1.185	1.065	1.434	1.146	1.109	1.133	1.071	1.291	1.152	1.29	1.224	1.372	1.222	1.203	1.248	1.172	1.199	1.14	1.238	1.269	1.374	1.354	1.506	1.356	1.396	1.373	1.35	1.405	1.328
"39"	1.378	1.189	1.308	1.551	1.512	1.303	1.123	1.194	1.139	1.297	1.37	1.52	1.487	1.71	1.53	1.49	1.472	1.03	1.123	1.065	0.979	1.181	1.082	1.131	1.262	1.241	1.265	1.249	1.122	1.068	0.955	0.903	0.885	0.903	1.176	0.844	0.944	0.854	0	0.817	0.949	0.998	0.951	1.072	1.046	0.881	1.155	1.027	0.883	1.077	1.102	0.988	0.937	1.16	1.189	1.151	0.92	0.908	0.783	0.973	0.891	1.191	0.941	1.255	1.249	1.199	1.175	1.173	1.177	1.208	1.278	1.132	1.065	1.331	1.114	1.157	1.215	1.06	1.325	1.311	1.231	1.218	1.173	1.238	1.163	1.201	1.167	1.024	1.022	1.143	1.161	1.237	1.125	1.39	1.193	1.138	1.254	1.24	1.363	1.145
"40"	1.291	1.275	1.328	1.574	1.454	1.401	1.066	1.161	1.103	1.253	1.438	1.518	1.41	1.794	1.627	1.593	1.582	1.091	1.231	1.206	1.059	1.17	1.207	1.127	1.275	1.352	1.247	1.172	1.269	0.991	1.126	1.182	1.074	1.04	1.298	1.046	1.075	0.938	0.817	0	1.065	1.066	1.001	1.242	1.192	0.974	1.05	1.184	1.119	1.322	1.12	1.213	1.124	1.447	1.365	1.399	0.936	0.989	0.987	0.969	0.963	1.3	1.153	1.502	1.388	1.356	1.312	1.247	1.219	1.187	1.182	1.06	1.202	1.425	1.198	1.162	1.187	1.203	1.307	1.389	1.363	1.301	1.342	1.258	1.226	1.288	1.316	1.171	1.137	1.052	1.17	1.109	1.26	1.322	1.175	1.224	1.151	1.182	1.217	1.196
"41"	1.673	1.466	1.526	1.733	1.708	1.5	1.435	1.382	1.436	1.593	1.604	1.723	1.704	1.82	1.676	1.768	1.591	1.343	1.34	1.269	1.209	1.415	1.261	1.392	1.474	1.401	1.486	1.443	1.281	1.129	1.095	1.09	1.113	0.917	1.244	0.964	1.136	1.101	0.949	1.065	0	1.006	1.22	1.086	1.021	1.054	1.324	1.002	1.125	1.25	1.265	1.064	1.004	1.19	1.19	1.3	1.071	0.969	0.871	1.009	1.073	1.477	1.075	1.182	1.24	1.234	1.292	1.196	1.275	1.354	1.21	1.262	1.113	1.348	1.189	1.269	1.349	1.094	1.457	1.293	1.428	1.238	1.253	1.19	1.167	1.259	1.263	1.238	1.189	1.274	1.325	1.323	1.232	1.605	1.458	1.377	1.406	1.308	1.557	1.287
"42"	1.471	1.485	1.363	1.536	1.641	1.644	1.408	1.246	1.362	1.53	1.53	1.615	1.558	1.783	1.641	1.666	1.637	1.334	1.359	1.44	1.213	1.502	1.373	1.368	1.338	1.392	1.335	1.462	1.411	1.164	1.189	1.298	1.169	1.16	1.516	1.185	1.135	1.021	0.998	1.066	1.006	0	0.95	1.041	1.358	1.024	0.936	1.064	1.235	1.429	1.171	1.286	1.297	1.487	1.214	1.446	1.163	1.042	0.98	0.935	1.134	1.677	0.989	1.321	1.336	1.096	1.349	1.311	1.191	1.181	1.113	1.169	1.116	1.246	1.205	1.159	1.181	1.207	1.237	1.256	1.543	1.424	1.505	1.261	1.233	1.323	1.321	1.361	1.253	1.347	1.402	1.284	1.489	1.576	1.568	1.522	1.449	1.433	1.541	1.491
"43"	1.491	1.447	1.35	1.599	1.596	1.683	1.324	1.33	1.362	1.455	1.375	1.445	1.376	1.635	1.511	1.447	1.538	1.263	1.427	1.442	1.158	1.349	1.287	1.382	1.381	1.307	1.169	1.408	1.444	1.208	1.202	1.283	1.04	1.139	1.528	1.12	1.065	0.965	0.951	1.001	1.22	0.95	0	0.936	1.457	1.004	0.882	1.001	1.174	1.389	1.031	1.268	1.314	1.529	1.117	1.447	1.165	1.049	0.908	0.946	1.156	1.544	0.955	1.255	1.161	1.017	1.197	1.258	1.304	1.2	1.338	1.22	1.16	1.41	1.241	1.263	1.24	1.237	1.237	1.239	1.475	1.392	1.395	1.415	1.225	1.253	1.228	1.251	1.296	1.361	1.429	1.361	1.516	1.459	1.472	1.472	1.422	1.488	1.415	1.445
"44"	1.722	1.645	1.557	1.801	1.723	1.717	1.584	1.563	1.432	1.578	1.537	1.736	1.648	1.804	1.697	1.722	1.692	1.472	1.595	1.358	1.419	1.577	1.343	1.515	1.539	1.528	1.422	1.551	1.463	1.26	0.95	1.14	1.044	1.246	1.432	1.153	1.044	1.064	1.072	1.242	1.086	1.041	0.936	0	1.357	1.107	1.189	1.082	1.143	1.443	1.377	1.351	1.26	1.339	1.062	1.279	1.304	1.113	0.978	1.141	1.251	1.734	0.996	1.153	1.102	1.063	1.358	1.429	1.263	1.3	1.338	1.298	1.138	1.287	1.241	1.278	1.304	1.168	1.338	1.219	1.399	1.379	1.376	1.433	1.293	1.372	1.286	1.344	1.269	1.411	1.448	1.52	1.493	1.685	1.679	1.526	1.526	1.513	1.614	1.473
"45"	1.609	1.417	1.525	1.592	1.52	1.273	1.371	1.429	1.334	1.418	1.559	1.653	1.755	1.867	1.818	1.809	1.56	1.336	1.442	1.156	1.36	1.449	1.345	1.29	1.492	1.537	1.503	1.417	1.133	1.263	1.239	0.954	1.246	0.992	1.119	1.144	1.297	1.252	1.046	1.192	1.021	1.358	1.457	1.357	0	1.31	1.615	1.184	0.991	1.258	1.585	1.297	1.129	1.185	1.515	1.295	1.162	1.131	1.066	1.164	1.079	1.278	1.281	1.524	1.526	1.547	1.544	1.435	1.335	1.53	1.522	1.296	1.29	1.434	1.282	1.37	1.551	1.251	1.632	1.422	1.469	1.389	1.266	1.236	1.436	1.483	1.438	1.308	1.202	1.296	1.43	1.445	1.243	1.673	1.472	1.43	1.507	1.412	1.705	1.252
"46"	1.41	1.352	1.4	1.708	1.679	1.437	1.308	1.278	1.277	1.388	1.549	1.658	1.509	1.745	1.581	1.575	1.616	1.177	1.161	1.237	1.037	1.286	1.201	1.247	1.335	1.324	1.345	1.327	1.351	1.127	1.026	1.11	1.101	0.955	1.318	0.989	1.06	0.987	0.881	0.974	1.054	1.024	1.004	1.107	1.31	0	1.141	1.122	1.136	1.332	1.152	1.244	1.093	1.302	1.2	1.132	0.896	0.954	1.001	1.102	1.06	1.437	1.118	1.39	1.234	1.224	1.185	1.265	1.195	1.26	1.323	1.207	1.17	1.422	1.229	1.263	1.32	1.167	1.447	1.39	1.28	1.343	1.304	1.335	1.19	1.236	1.277	1.127	1.133	1.132	1.177	1.252	1.277	1.452	1.313	1.27	1.162	1.258	1.362	1.239
"47"	1.434	1.502	1.298	1.556	1.64	1.76	1.379	1.256	1.409	1.538	1.434	1.483	1.335	1.663	1.513	1.534	1.586	1.402	1.473	1.585	1.214	1.49	1.361	1.38	1.315	1.363	1.14	1.489	1.607	1.166	1.357	1.573	1.269	1.356	1.762	1.344	1.153	1.153	1.155	1.05	1.324	0.936	0.882	1.189	1.615	1.141	0	1.153	1.414	1.588	1.121	1.327	1.436	1.71	1.211	1.668	1.337	1.201	1.135	1.035	1.222	1.752	1.039	1.417	1.319	1.06	1.324	1.511	1.394	1.212	1.248	1.261	1.279	1.369	1.342	1.311	1.256	1.402	1.258	1.363	1.672	1.485	1.562	1.457	1.348	1.389	1.402	1.406	1.411	1.441	1.592	1.358	1.677	1.618	1.634	1.621	1.498	1.535	1.473	1.628
"48"	1.652	1.465	1.384	1.553	1.65	1.523	1.458	1.364	1.446	1.588	1.244	1.344	1.374	1.328	1.293	1.396	1.216	1.294	1.344	1.324	1.262	1.433	1.319	1.363	1.303	1.316	1.257	1.458	1.254	1.078	1.18	1.205	1.115	1.049	1.542	1.112	1.092	1.102	1.027	1.184	1.002	1.064	1.001	1.082	1.184	1.122	1.153	0	1.106	1.265	1.285	1.09	1.068	1.148	0.943	1.303	1.287	1.095	0.956	1.114	1.097	1.496	0.933	1.083	1.026	0.916	1.242	1.3	1.381	1.281	1.481	1.288	1.107	1.341	1.137	1.222	1.357	1.172	1.499	1.09	1.512	1.235	1.138	1.181	1.1	1.198	1.189	1.221	1.242	1.382	1.548	1.497	1.47	1.705	1.576	1.485	1.54	1.524	1.648	1.399
"49"	1.357	1.229	1.37	1.486	1.435	1.251	1.279	1.319	1.149	1.271	1.457	1.537	1.523	1.721	1.679	1.511	1.463	1.031	1.126	1.039	1.19	1.181	1.138	1.121	1.312	1.276	1.345	1.248	0.964	1.079	1.071	0.927	1.045	1.113	1.178	0.988	1.146	1.087	0.883	1.119	1.125	1.235	1.174	1.143	0.991	1.136	1.414	1.106	0	1.076	1.344	1.222	1.007	1.132	1.352	1.041	1.067	1.036	0.955	1.139	0.976	1.032	1.095	1.419	1.359	1.373	1.42	1.209	1.25	1.323	1.474	1.212	1.112	1.311	1.148	1.207	1.317	1.067	1.452	1.402	1.216	1.162	1.134	1.186	1.248	1.268	1.217	1.156	1.076	1.173	1.255	1.355	1.192	1.496	1.22	1.228	1.298	1.368	1.538	1.163
"50"	1.701	1.364	1.56	1.74	1.743	1.361	1.427	1.502	1.342	1.543	1.484	1.518	1.527	1.652	1.516	1.356	1.462	1.14	1.214	1.237	1.387	1.158	1.315	1.428	1.325	1.221	1.571	1.318	1.245	1.435	1.362	1.088	1.1	1.426	1.43	1.144	1.262	1.125	1.077	1.322	1.25	1.429	1.389	1.443	1.258	1.332	1.588	1.265	1.076	0	1.44	0.965	0.922	1.076	1.442	1.369	1.387	1.314	1.148	1.394	1.125	1.095	1.249	1.405	1.427	1.386	1.332	1.086	1.438	1.374	1.708	1.482	1.203	1.48	1.287	1.277	1.43	1.134	1.68	1.352	1.296	1.09	1.268	1.255	1.352	1.283	1.184	1.154	1.305	1.47	1.462	1.655	1.425	1.816	1.383	1.485	1.62	1.614	1.747	1.418
"51"	1.496	1.464	1.609	1.806	1.86	1.779	1.437	1.452	1.49	1.654	1.719	1.726	1.634	1.921	1.719	1.696	1.748	1.31	1.313	1.536	1.11	1.37	1.242	1.518	1.475	1.287	1.422	1.51	1.603	1.373	1.446	1.5	1.197	1.329	1.618	1.25	1.291	1.29	1.102	1.12	1.265	1.171	1.031	1.377	1.585	1.152	1.121	1.285	1.344	1.44	0	1.134	1.255	1.71	1.248	1.587	1.168	1.135	1.002	1.004	1.135	1.468	1.127	1.426	1.433	1.285	1.151	1.246	1.482	1.416	1.393	1.354	1.37	1.629	1.407	1.395	1.413	1.426	1.416	1.584	1.574	1.424	1.439	1.437	1.351	1.349	1.451	1.355	1.489	1.414	1.505	1.366	1.472	1.445	1.386	1.469	1.452	1.467	1.336	1.448
"52"	1.715	1.441	1.574	1.806	1.846	1.498	1.416	1.436	1.418	1.657	1.448	1.503	1.497	1.566	1.482	1.504	1.469	1.248	1.24	1.32	1.218	1.321	1.272	1.457	1.362	1.227	1.484	1.49	1.435	1.324	1.294	1.238	1.04	1.288	1.491	1.054	1.162	1.127	0.988	1.213	1.064	1.286	1.268	1.351	1.297	1.244	1.327	1.09	1.222	0.965	1.134	0	0.86	1.142	1.121	1.494	1.378	1.241	1.041	1.241	1.014	1.356	1.084	1.24	1.281	1.25	1.166	1.207	1.455	1.371	1.486	1.381	1.138	1.509	1.187	1.19	1.304	1.162	1.501	1.301	1.399	1.099	1.185	1.25	1.246	1.241	1.191	1.14	1.289	1.402	1.474	1.535	1.333	1.709	1.427	1.421	1.593	1.456	1.55	1.379
"53"	1.629	1.351	1.592	1.767	1.757	1.356	1.39	1.421	1.332	1.519	1.507	1.608	1.552	1.635	1.516	1.536	1.426	1.181	1.115	1.124	1.237	1.228	1.161	1.344	1.323	1.309	1.547	1.343	1.27	1.259	1.178	1.023	1.004	1.2	1.339	0.892	1.138	1.029	0.937	1.124	1.004	1.297	1.314	1.26	1.129	1.093	1.436	1.068	1.007	0.922	1.255	0.86	0	0.91	1.156	1.164	1.224	1.128	1.032	1.289	0.851	1.218	1.051	1.281	1.219	1.24	1.221	1.165	1.345	1.325	1.457	1.339	1.109	1.438	1.126	1.11	1.286	1.072	1.53	1.309	1.1	1.009	1.094	1.086	1.192	1.193	1.196	1.107	1.193	1.253	1.387	1.496	1.188	1.659	1.3	1.253	1.358	1.323	1.525	1.228
"54"	1.872	1.614	1.718	1.844	1.873	1.51	1.704	1.701	1.562	1.75	1.648	1.764	1.746	1.698	1.69	1.694	1.539	1.423	1.389	1.359	1.58	1.575	1.56	1.564	1.508	1.573	1.792	1.611	1.345	1.439	1.222	1.083	1.22	1.312	1.391	1.127	1.257	1.209	1.16	1.447	1.19	1.487	1.529	1.339	1.185	1.302	1.71	1.148	1.132	1.076	1.71	1.142	0.91	0	1.283	1.096	1.479	1.336	1.274	1.541	1.195	1.446	1.291	1.394	1.333	1.377	1.54	1.442	1.484	1.509	1.761	1.592	1.226	1.487	1.28	1.353	1.566	1.22	1.773	1.366	1.35	1.231	1.242	1.296	1.395	1.36	1.358	1.352	1.373	1.456	1.569	1.801	1.461	1.974	1.677	1.56	1.723	1.663	1.956	1.519
"55"	1.879	1.759	1.706	1.923	1.952	1.861	1.702	1.634	1.659	1.861	1.496	1.612	1.585	1.514	1.437	1.564	1.551	1.47	1.528	1.544	1.427	1.59	1.368	1.656	1.498	1.438	1.463	1.695	1.617	1.349	1.296	1.436	1.112	1.355	1.709	1.275	1.194	1.207	1.189	1.365	1.19	1.214	1.117	1.062	1.515	1.2	1.211	0.943	1.352	1.442	1.248	1.121	1.156	1.283	0	1.393	1.504	1.221	1.102	1.311	1.243	1.787	0.927	0.968	0.883	0.802	1.192	1.445	1.413	1.337	1.474	1.539	1.2	1.472	1.277	1.283	1.454	1.289	1.443	1.291	1.529	1.296	1.299	1.377	1.19	1.22	1.308	1.264	1.47	1.53	1.696	1.736	1.616	1.783	1.762	1.666	1.691	1.622	1.687	1.69
"56"	1.625	1.549	1.679	1.837	1.717	1.537	1.684	1.691	1.478	1.551	1.785	1.959	1.873	2.012	1.865	1.838	1.822	1.366	1.367	1.272	1.453	1.494	1.361	1.432	1.534	1.605	1.698	1.529	1.32	1.376	1.138	1.026	1.232	1.234	1.315	1.131	1.243	1.368	1.151	1.399	1.3	1.446	1.447	1.279	1.295	1.132	1.668	1.303	1.041	1.369	1.587	1.494	1.164	1.096	1.393	0	1.163	1.07	1.216	1.429	1.16	1.337	1.286	1.549	1.459	1.416	1.501	1.433	1.25	1.408	1.619	1.442	1.246	1.419	1.317	1.381	1.565	1.24	1.678	1.556	1.14	1.331	1.193	1.336	1.375	1.319	1.403	1.27	1.228	1.221	1.32	1.539	1.237	1.655	1.378	1.323	1.336	1.45	1.738	1.329
"57"	1.349	1.356	1.491	1.727	1.613	1.428	1.332	1.349	1.308	1.327	1.722	1.814	1.748	2.076	1.887	1.841	1.826	1.212	1.253	1.264	1.064	1.29	1.277	1.222	1.447	1.473	1.439	1.344	1.329	1.158	1.193	1.154	1.18	0.956	1.223	1.042	1.244	1.179	0.92	0.936	1.071	1.163	1.165	1.304	1.162	0.896	1.337	1.287	1.067	1.387	1.168	1.378	1.224	1.479	1.504	1.163	0	0.752	0.917	0.904	1.049	1.171	1.269	1.579	1.49	1.496	1.402	1.318	1.291	1.455	1.322	1.142	1.337	1.493	1.362	1.41	1.46	1.314	1.48	1.612	1.379	1.476	1.378	1.35	1.361	1.37	1.446	1.282	1.102	1.04	1.101	1.049	1.174	1.232	1.103	1.124	1.055	1.144	1.283	1.09
"58"	1.418	1.414	1.493	1.692	1.564	1.485	1.362	1.405	1.361	1.416	1.625	1.731	1.711	1.934	1.729	1.738	1.753	1.225	1.262	1.201	1.095	1.269	1.142	1.241	1.341	1.382	1.326	1.377	1.318	1.125	0.977	1.071	0.983	0.976	1.207	0.984	1.062	1.117	0.908	0.989	0.969	1.042	1.049	1.113	1.131	0.954	1.201	1.095	1.036	1.314	1.135	1.241	1.128	1.336	1.221	1.07	0.752	0	0.74	0.801	0.925	1.289	0.947	1.281	1.303	1.193	1.214	1.256	1.162	1.243	1.188	1.121	1.103	1.314	1.273	1.269	1.357	1.166	1.254	1.408	1.309	1.241	1.173	1.214	1.201	1.166	1.258	1.133	1.038	1.076	1.14	1.153	1.083	1.212	1.228	1.157	1.13	1.122	1.294	1.14
"59"	1.541	1.402	1.422	1.648	1.628	1.517	1.346	1.344	1.322	1.462	1.524	1.597	1.601	1.767	1.602	1.601	1.533	1.175	1.299	1.259	1.08	1.252	1.166	1.279	1.339	1.25	1.331	1.31	1.255	1.131	1.037	1.05	0.946	0.95	1.243	0.929	0.977	0.967	0.783	0.987	0.871	0.98	0.908	0.978	1.066	1.001	1.135	0.956	0.955	1.148	1.002	1.041	1.032	1.274	1.102	1.216	0.917	0.74	0	0.724	0.908	1.27	0.848	1.131	1.158	1.059	1.083	1.123	1.236	1.232	1.243	1.154	1.087	1.254	1.209	1.219	1.295	1.063	1.312	1.197	1.374	1.207	1.205	1.178	1.149	1.154	1.168	1.127	1.133	1.232	1.264	1.253	1.243	1.378	1.3	1.305	1.327	1.318	1.405	1.238
"60"	1.431	1.434	1.415	1.586	1.588	1.619	1.334	1.347	1.338	1.463	1.638	1.647	1.646	1.925	1.783	1.757	1.69	1.304	1.434	1.41	1.158	1.416	1.316	1.335	1.384	1.389	1.301	1.358	1.387	1.168	1.195	1.246	1.175	1.052	1.333	1.138	1.163	1.111	0.973	0.969	1.009	0.935	0.946	1.141	1.164	1.102	1.035	1.114	1.139	1.394	1.004	1.241	1.289	1.541	1.311	1.429	0.904	0.801	0.724	0	1.052	1.404	1.006	1.354	1.409	1.258	1.236	1.242	1.274	1.335	1.214	1.151	1.229	1.326	1.342	1.347	1.359	1.295	1.261	1.357	1.586	1.426	1.439	1.284	1.322	1.369	1.371	1.362	1.285	1.288	1.328	1.195	1.363	1.363	1.386	1.42	1.329	1.35	1.403	1.322
"61"	1.286	1.194	1.342	1.501	1.441	1.245	1.132	1.235	1.11	1.268	1.446	1.492	1.439	1.692	1.51	1.494	1.387	1.087	1.075	1.027	1.051	1.117	1.068	1.124	1.193	1.27	1.319	1.183	1.218	1.16	1.147	1.084	1.013	1.121	1.22	0.899	1.085	1.039	0.891	0.963	1.073	1.134	1.156	1.251	1.079	1.06	1.222	1.097	0.976	1.125	1.135	1.014	0.851	1.195	1.243	1.16	1.049	0.925	0.908	1.052	0	1.143	0.931	1.393	1.343	1.229	1.194	1.187	1.165	1.146	1.244	1.089	0.999	1.281	1.089	1.049	1.163	1.034	1.301	1.278	1.157	1.079	1.121	0.916	1.147	1.141	1.154	1.031	1.077	1.035	1.246	1.243	1.097	1.412	1.174	1.188	1.169	1.233	1.414	1.107
"62"	1.387	1.219	1.51	1.662	1.524	1.243	1.366	1.495	1.207	1.353	1.658	1.641	1.646	1.96	1.802	1.57	1.698	1.055	1.152	1.236	1.324	1.057	1.32	1.216	1.36	1.373	1.582	1.186	1.196	1.449	1.55	1.282	1.375	1.424	1.401	1.248	1.492	1.434	1.191	1.3	1.477	1.677	1.544	1.734	1.278	1.437	1.752	1.496	1.032	1.095	1.468	1.356	1.218	1.446	1.787	1.337	1.171	1.289	1.27	1.404	1.143	0	1.502	1.843	1.769	1.778	1.618	1.299	1.563	1.58	1.847	1.494	1.522	1.706	1.515	1.524	1.607	1.396	1.835	1.769	1.488	1.374	1.366	1.367	1.56	1.48	1.535	1.333	1.379	1.355	1.431	1.538	1.399	1.568	1.045	1.362	1.406	1.567	1.657	1.262
"63"	1.519	1.414	1.38	1.522	1.584	1.592	1.348	1.374	1.38	1.555	1.397	1.455	1.467	1.571	1.409	1.422	1.435	1.274	1.332	1.299	1.189	1.348	1.162	1.365	1.238	1.284	1.263	1.421	1.327	1.238	1.141	1.237	0.976	1.213	1.496	1.064	1.022	1.131	0.941	1.153	1.075	0.989	0.955	0.996	1.281	1.118	1.039	0.933	1.095	1.249	1.127	1.084	1.051	1.291	0.927	1.286	1.269	0.947	0.848	1.006	0.931	1.502	0	0.986	1.129	0.786	1.09	1.275	1.202	1.097	1.299	1.258	1.011	1.167	1.167	1.122	1.219	1.112	1.236	1.148	1.377	1.181	1.197	1.164	1.097	1.096	1.121	1.117	1.224	1.383	1.451	1.466	1.371	1.534	1.521	1.456	1.459	1.477	1.569	1.439
"64"	2.011	1.724	1.752	1.936	2.009	1.867	1.703	1.71	1.784	1.924	1.575	1.645	1.724	1.609	1.475	1.621	1.631	1.561	1.607	1.537	1.457	1.611	1.445	1.751	1.602	1.512	1.504	1.733	1.591	1.442	1.373	1.448	1.188	1.394	1.788	1.399	1.273	1.36	1.255	1.502	1.182	1.321	1.255	1.153	1.524	1.39	1.417	1.083	1.419	1.405	1.426	1.24	1.281	1.394	0.968	1.549	1.579	1.281	1.131	1.354	1.393	1.843	0.986	0	1.033	0.974	1.278	1.456	1.467	1.385	1.507	1.621	1.246	1.456	1.34	1.387	1.553	1.303	1.529	1.295	1.588	1.293	1.334	1.439	1.191	1.305	1.346	1.336	1.525	1.72	1.764	1.814	1.619	1.858	1.874	1.746	1.84	1.724	1.845	1.753
"65"	1.989	1.79	1.707	2.012	2.017	1.838	1.713	1.634	1.7	1.832	1.466	1.617	1.584	1.493	1.442	1.597	1.541	1.476	1.617	1.523	1.495	1.577	1.475	1.687	1.584	1.513	1.506	1.682	1.585	1.321	1.362	1.416	1.212	1.363	1.737	1.364	1.236	1.203	1.249	1.388	1.24	1.336	1.161	1.102	1.526	1.234	1.319	1.026	1.359	1.427	1.433	1.281	1.219	1.333	0.883	1.459	1.49	1.303	1.158	1.409	1.343	1.769	1.129	1.033	0	0.971	1.295	1.471	1.492	1.396	1.577	1.58	1.295	1.531	1.333	1.402	1.513	1.27	1.6	1.242	1.513	1.372	1.367	1.492	1.253	1.285	1.344	1.317	1.419	1.552	1.684	1.751	1.655	1.853	1.773	1.692	1.71	1.676	1.726	1.695
"66"	1.795	1.673	1.529	1.759	1.819	1.831	1.653	1.548	1.624	1.812	1.43	1.537	1.474	1.474	1.353	1.435	1.468	1.44	1.496	1.554	1.405	1.545	1.358	1.601	1.405	1.384	1.404	1.641	1.547	1.336	1.369	1.449	1.154	1.4	1.765	1.289	1.095	1.171	1.199	1.356	1.234	1.096	1.017	1.063	1.547	1.224	1.06	0.916	1.373	1.386	1.285	1.25	1.24	1.377	0.802	1.416	1.496	1.193	1.059	1.258	1.229	1.778	0.786	0.974	0.971	0	1.187	1.423	1.35	1.167	1.447	1.472	1.18	1.342	1.318	1.308	1.408	1.253	1.456	1.122	1.552	1.319	1.368	1.334	1.198	1.167	1.226	1.306	1.438	1.6	1.722	1.695	1.669	1.805	1.754	1.721	1.728	1.744	1.786	1.703
