"V1"	"V2"	"V3"	"V4"	"V5"	"V6"	"V7"	"V8"	"V9"	"V10"	"V11"	"V12"	"V13"	"V14"	"V15"	"V16"	"V17"	"V18"	"V19"	"V20"	"V21"	"V22"	"V23"	"V24"	"V25"	"V26"	"V27"	"V28"	"V29"	"V30"	"V31"	"V32"	"V33"	"V34"	"V35"	"V36"	"V37"	"V38"	"V39"	"V40"	"V41"	"V42"	"V43"	"V44"	"V45"	"V46"	"V47"	"V48"	"V49"	"V50"	"V51"	"V52"	"V53"	"V54"	"V55"	"V56"	"V57"	"V58"	"V59"	"V60"	"V61"	"V62"	"V63"	"V64"	"V65"	"V66"	"V67"	"V68"	"V69"	"V70"	"V71"	"V72"	"V73"	"V74"	"V75"	"V76"	"V77"	"V78"	"V79"	"V80"	"V81"	"V82"	"V83"	"V84"	"V85"	"V86"	"V87"	"V88"	"V89"	"V90"	"V91"	"V92"	"V93"	"V94"	"V95"	"V96"	"V97"	"V98"	"V99"	"V100"
"1"	0	0.783	0.874	0.696	1.084	1.109	1.063	1.16	0.972	1.148	1.214	1.181	1.13	1.271	1.307	1.073	1.361	0.983	1.066	1.106	0.993	1.104	1.029	0.781	0.987	1.049	0.949	1.157	0.964	0.948	0.88	1.149	1.209	1.055	0.984	1.11	1.209	1.235	1.046	1.102	1.351	1.12	0.985	1.032	1.161	1.107	0.979	1.031	0.796	1.283	1.149	1.388	1.301	1.099	1.211	0.868	0.872	0.785	1.05	0.925	1.034	0.803	0.928	1.311	1.307	1.108	1.1	1.02	1.013	1.102	1.301	1.064	0.943	1.059	1.105	1.202	1.104	1.15	0.916	1.42	1.321	1.228	0.816	1.164	1.183	1.162	1.148	1.113	0.963	0.872	0.921	0.995	0.924	0.786	0.988	0.855	0.953	1.008	1.018	0.914
"2"	0.783	0	0.582	0.859	1.056	0.865	0.804	0.876	0.869	0.985	0.962	0.923	0.958	0.977	0.933	0.876	1.012	0.825	1.014	0.902	0.824	0.923	0.791	0.672	1.015	0.779	0.883	0.946	0.761	0.679	0.766	0.844	1.042	0.789	0.863	0.832	0.924	0.88	0.833	0.826	0.918	0.94	0.802	0.804	0.94	0.928	0.742	0.802	0.804	1.033	1.051	1.08	0.919	0.904	1.029	0.971	0.779	0.714	0.78	0.773	0.819	0.781	0.779	0.985	0.998	0.838	0.825	0.748	0.888	0.929	0.898	0.899	0.72	0.944	0.813	1.021	0.803	0.823	0.851	1.04	1.146	0.944	0.669	0.899	0.834	0.946	0.865	0.884	0.766	0.853	0.814	0.771	0.726	0.862	0.842	0.793	0.861	0.759	0.812	0.788
"3"	0.874	0.582	0	0.885	1.101	0.854	0.744	0.827	0.949	1.01	0.994	0.956	0.954	1.003	0.969	0.957	0.962	0.941	1.216	0.993	0.873	1.029	0.955	0.762	1.174	0.907	0.92	1.08	0.862	0.812	0.83	0.915	1.132	0.792	0.966	0.924	1.006	0.957	0.885	0.868	1.048	0.965	0.815	0.898	1.016	0.991	0.812	0.897	0.899	1.15	1.158	1.216	1.117	1	1.141	1.055	0.824	0.862	0.87	0.865	0.917	0.94	0.929	1.108	0.971	0.908	0.918	0.911	1.003	1.018	0.942	0.867	0.751	1.093	0.866	1.141	0.917	0.906	0.912	1.066	1.24	1.102	0.862	1.057	0.978	1.047	0.861	0.92	0.825	0.904	0.845	0.776	0.897	1.003	0.991	0.908	1.028	0.915	0.929	0.856
"4"	0.696	0.859	0.885	0	0.981	1.093	0.98	1.08	1.001	1.124	1.209	1.138	1.04	1.252	1.304	1.074	1.219	1.139	1.249	1.188	1.089	1.236	1.133	0.93	1.178	1.238	0.987	1.222	0.957	1.012	0.853	1.119	1.27	0.952	0.965	1.148	1.217	1.182	1.067	1.081	1.347	1.147	0.945	1.041	1.134	1.162	0.987	1.002	0.936	1.377	1.197	1.437	1.338	1.16	1.259	1.068	1.034	0.953	1.064	0.954	1.06	0.969	1.013	1.373	1.364	1.18	1.148	1.12	1.111	1.218	1.28	1.011	0.982	1.166	1.144	1.228	1.074	1.216	0.965	1.33	1.46	1.346	0.993	1.225	1.23	1.307	1.181	1.205	1.052	0.982	1.009	1.037	1.074	0.871	1.125	0.979	1.081	1.003	1.056	0.941
"5"	1.084	1.056	1.101	0.981	0	1.122	1.001	1.411	0.969	0.856	1.179	1.199	1.349	1.569	1.45	1.3	1.518	1.264	1.589	1.097	1.436	1.236	1.096	0.97	1.376	1.403	1.024	1.196	0.957	1.205	0.948	1.02	1.255	1.323	0.99	1.384	1.304	1.432	1.339	1.272	1.554	1.548	1.286	1.19	1.203	1.544	1.4	1.413	1.151	1.526	1.685	1.74	1.569	1.485	1.557	1.252	1.345	1.13	1.354	1.301	1.343	1.196	1.308	1.569	1.588	1.466	1.395	1.382	1.172	1.254	1.392	1.181	1.201	1.285	1.332	1.374	1.282	1.305	1.09	1.544	1.356	1.461	1.147	1.466	1.48	1.529	1.274	1.274	1.2	1.286	1.239	1.334	1.113	1.07	1.295	1.194	1.198	1.127	1.229	1.171
"6"	1.109	0.865	0.854	1.093	1.122	0	0.843	0.879	0.959	1.052	0.992	1.018	1.078	1.098	1.054	1.039	1.109	1.051	1.342	0.83	1.018	0.986	0.915	0.881	1.182	1.077	0.891	1.088	0.901	1.03	0.853	0.87	1.126	1.039	0.953	1.112	1.087	1.062	1.072	1.106	1.134	1.181	1.07	0.939	0.903	1.103	1.114	1.032	1.037	1.097	1.365	1.298	1.187	1.149	1.288	1.195	0.969	0.897	0.989	1.031	1.023	1.042	1.097	1.205	1.163	1.094	1.021	1.047	0.978	1.043	1.04	0.875	0.842	1.115	1.037	1.171	1.011	0.937	1.035	1.049	1.214	1.177	0.941	1.123	1.151	1.21	0.881	0.951	0.807	1.004	0.937	0.941	0.851	1.213	1.077	0.996	1.096	0.863	0.993	0.875
"7"	1.063	0.804	0.744	0.98	1.001	0.843	0	0.766	0.694	0.812	0.816	0.771	0.859	0.959	0.848	0.861	0.849	0.934	1.305	0.837	0.963	0.885	0.853	0.847	1.124	1.02	0.765	0.831	0.724	0.859	0.664	0.663	0.95	0.788	0.772	1.055	1.05	0.901	0.81	0.756	1.016	1.006	0.826	0.835	0.823	1.062	0.896	0.876	0.913	1.045	1.229	1.211	1.087	1.093	1.146	1.188	0.946	0.92	0.837	0.861	0.891	0.968	0.903	1.081	0.984	0.974	0.97	0.974	0.895	0.879	0.845	0.708	0.758	0.955	0.891	0.952	0.779	0.784	0.732	0.863	1.122	1.131	0.939	1.056	0.952	1.089	0.782	0.864	0.865	0.869	0.92	0.864	0.864	1.084	0.972	0.885	0.948	0.801	0.845	0.817
"8"	1.16	0.876	0.827	1.08	1.411	0.879	0.766	0	1.035	1.207	0.929	0.853	0.886	0.739	0.886	0.945	0.787	1.052	1.224	1.127	0.86	1.05	1.052	1.044	1.188	0.965	0.965	1.069	0.942	0.899	0.981	1.004	1.172	0.783	1.061	1.054	1.181	0.853	0.87	0.865	0.826	0.858	0.832	0.96	0.919	0.929	0.814	0.697	1.025	1.011	1.075	1.026	0.983	0.998	1.054	1.312	0.869	0.981	0.798	0.849	0.96	1.06	0.928	0.983	0.847	0.893	0.931	0.835	1.057	1.096	0.877	0.782	0.802	1.108	0.9	1.016	0.822	0.827	0.988	0.824	1.359	1.155	0.964	1	0.913	1.123	0.923	0.981	0.95	0.9	0.946	0.768	1.006	1.236	1.054	1.03	1.077	0.856	0.866	0.863
"9"	0.972	0.869	0.949	1.001	0.969	0.959	0.694	1.035	0	0.818	0.787	0.793	0.854	1.033	0.943	0.844	1.08	0.788	1.218	0.772	1.015	0.868	0.834	0.763	0.909	1.027	0.687	0.618	0.53	0.881	0.638	0.641	0.828	0.988	0.735	1.066	0.99	0.91	0.848	0.862	1.15	1.058	0.881	0.685	0.801	1.083	0.984	0.958	0.813	1.025	1.199	1.229	1.067	1.02	1.057	1.02	0.909	0.922	0.875	0.849	0.894	0.812	0.851	1.01	1.075	0.969	0.916	0.937	0.744	0.794	0.955	0.821	0.832	0.76	0.862	0.768	0.795	0.861	0.736	0.998	0.958	1.121	0.851	1.009	0.992	1.168	0.931	0.941	0.944	0.864	1.007	1.055	0.87	0.934	0.952	0.863	0.849	0.791	0.759	0.86
"10"	1.148	0.985	1.01	1.124	0.856	1.052	0.812	1.207	0.818	0	0.8	0.876	1.163	1.264	1.202	1.14	1.284	1.155	1.508	1.017	1.225	1.085	0.991	0.912	1.303	1.255	0.9	0.984	0.845	1.122	0.876	0.833	1.022	1.108	0.976	1.225	1.301	1.183	1.182	1.161	1.382	1.303	1.041	0.924	1.034	1.296	1.224	1.209	1.021	1.324	1.529	1.571	1.369	1.341	1.414	1.193	1.112	1.082	1.156	1.13	1.178	1.163	1.165	1.366	1.284	1.287	1.236	1.237	1.089	1.169	1.248	0.954	1.042	1.098	1.065	1.147	1.111	1.105	1.016	1.26	1.115	1.347	1.071	1.313	1.29	1.37	1.157	1.145	1.042	1.074	1.146	1.119	1.076	1.182	1.196	1.055	1.025	0.986	1.055	1.013
"11"	1.214	0.962	0.994	1.209	1.179	0.992	0.816	0.929	0.787	0.8	0	0.561	0.923	0.905	0.89	1.014	1.064	1.008	1.396	0.999	1.049	0.954	0.989	0.956	1.171	1.108	0.828	0.844	0.807	0.992	0.981	0.829	0.862	1.051	1.022	1.129	1.168	0.971	0.953	0.954	1.088	1.054	0.924	0.834	0.931	1.135	1.026	0.997	1.057	1.086	1.319	1.23	1.121	1.173	1.174	1.307	0.989	1.082	0.991	1.022	1.071	1.116	1.034	1.08	1.029	1.107	1.057	1.003	1.027	1.054	1.03	0.951	0.956	0.95	0.891	0.883	0.866	0.957	0.977	1.015	1.106	1.254	1.061	1.133	1.107	1.279	1.037	1	1.013	1.023	1.156	1.07	1.109	1.237	1.186	1.089	1.078	0.942	0.925	1.05
"12"	1.181	0.923	0.956	1.138	1.199	1.018	0.771	0.853	0.793	0.876	0.561	0	0.912	0.825	0.851	0.942	1.02	0.962	1.344	1.049	1.023	0.958	1.015	0.978	1.13	1.033	0.793	0.774	0.807	0.919	0.966	0.903	0.94	1.004	1.042	1.175	1.206	0.959	1.011	0.91	1.053	0.999	0.905	0.88	0.867	1.125	0.952	0.9	1.005	1.067	1.221	1.169	1.111	1.129	1.075	1.303	0.961	1.062	0.905	0.907	1.051	1.023	0.986	0.971	1.019	1.084	1.077	0.943	1.016	1.005	0.974	0.898	0.883	0.9	0.788	0.791	0.778	0.911	0.933	0.98	1.223	1.181	1.023	1.006	1	1.203	1.037	1.038	1.05	1.01	1.156	1.025	1.122	1.207	1.144	1.128	1.089	0.884	0.856	1.045
"13"	1.13	0.958	0.954	1.04	1.349	1.078	0.859	0.886	0.854	1.163	0.923	0.912	0	0.83	0.876	0.841	0.893	0.975	1.147	1.054	0.919	0.978	1.01	1.018	1.114	1.07	0.954	1.005	0.88	0.899	0.877	0.886	1	0.942	1	1.043	1.037	0.879	0.922	0.91	1.073	0.957	0.883	0.852	1.067	0.888	0.844	0.871	0.96	1.027	1.095	1.097	0.985	0.988	1.035	1.114	0.887	1.081	0.935	0.974	0.968	1.04	0.953	1.017	0.934	0.911	0.943	0.947	0.965	1.019	0.943	0.885	0.892	0.954	0.95	0.918	0.848	0.952	0.99	0.922	1.078	1.208	1.065	1.077	0.995	1.197	0.947	1	0.964	0.953	1.03	0.972	1.117	1.165	1.079	0.97	1.02	0.934	0.937	0.985
"14"	1.271	0.977	1.003	1.252	1.569	1.098	0.959	0.739	1.033	1.264	0.905	0.825	0.83	0	0.791	0.875	0.764	1.01	1.196	1.174	0.892	1	1.069	1.121	1.124	0.966	1.065	1.008	0.999	0.864	1.048	1.029	1.044	0.895	1.233	1.045	1.167	0.83	0.931	0.866	0.866	0.881	0.902	0.911	1.043	0.865	0.816	0.746	1.078	0.924	1.011	0.885	0.829	0.935	0.894	1.282	0.898	1.073	0.811	0.887	0.965	1.091	0.946	0.843	0.798	0.85	0.894	0.846	1.048	1.077	0.855	0.958	0.905	0.979	0.801	0.867	0.865	0.909	1.157	0.815	1.225	1.075	1.042	0.929	0.804	1.057	1.012	0.999	1.06	0.939	1.132	0.907	1.153	1.352	1.061	1.097	1.079	0.884	0.904	1.046
"15"	1.307	0.933	0.969	1.304	1.45	1.054	0.848	0.886	0.943	1.202	0.89	0.851	0.876	0.791	0	0.736	0.959	0.745	1.078	0.953	0.818	0.767	0.839	1.008	0.932	0.772	0.987	0.799	0.823	0.855	0.956	0.912	0.826	0.919	1.041	0.915	1.006	0.793	0.827	0.753	0.796	0.851	0.939	0.911	1.014	0.903	0.888	0.914	1.13	0.775	1.086	0.911	0.776	0.831	0.933	1.219	0.895	0.978	0.833	1.01	0.899	1.006	0.906	0.82	0.806	0.79	0.76	0.814	0.867	0.765	0.783	1.032	0.847	0.856	0.816	0.775	0.839	0.722	1.022	0.874	1.021	0.946	1.013	0.972	0.799	0.933	0.812	0.802	1.001	0.966	1.08	1.088	1.042	1.301	1.006	0.985	1.08	0.917	0.904	1.12
"16"	1.073	0.876	0.957	1.074	1.3	1.039	0.861	0.945	0.844	1.14	1.014	0.942	0.841	0.875	0.736	0	1.005	0.635	0.911	0.997	0.797	0.798	0.778	0.854	0.803	0.761	0.88	0.793	0.745	0.775	0.782	0.864	0.838	0.818	0.878	0.794	0.992	0.728	0.724	0.807	0.951	0.848	0.795	0.8	1.006	0.717	0.85	0.825	0.84	0.824	1.063	1.02	0.837	0.763	0.814	0.862	0.765	0.818	0.77	0.899	0.862	0.81	0.735	0.851	0.852	0.742	0.659	0.762	0.795	0.746	0.842	0.989	0.764	0.814	0.88	0.797	0.865	0.767	0.891	1.021	0.962	0.94	0.929	0.965	0.694	0.835	0.766	0.753	0.869	0.787	0.808	0.976	0.888	1.008	0.741	0.804	0.795	0.76	0.798	0.997
"17"	1.361	1.012	0.962	1.219	1.518	1.109	0.849	0.787	1.08	1.284	1.064	1.02	0.893	0.764	0.959	1.005	0	1.173	1.389	1.193	1.132	1.244	1.209	1.198	1.365	1.179	1.172	1.171	1.079	1.029	1.022	0.976	1.258	0.836	1.212	1.073	1.199	0.822	0.926	0.876	1.005	0.987	0.916	0.968	1.006	1.057	0.908	0.797	1.122	1.105	1.134	1.101	0.96	1.036	1.114	1.433	1.091	1.232	0.904	0.939	0.947	1.256	1.054	1.139	0.985	0.992	1.04	1.05	1.225	1.242	0.929	0.964	0.957	1.143	0.933	1.074	0.946	0.991	1.122	0.726	1.342	1.263	1.183	1.046	0.975	1.244	0.987	1.129	1.147	1.054	1.206	0.917	1.155	1.393	1.192	1.121	1.165	1.019	1.053	1.037
"18"	0.983	0.825	0.941	1.139	1.264	1.051	0.934	1.052	0.788	1.155	1.008	0.962	0.975	1.01	0.745	0.635	1.173	0	0.769	0.852	0.73	0.694	0.691	0.773	0.577	0.583	0.867	0.683	0.707	0.7	0.85	0.918	0.837	0.949	0.861	0.793	0.959	0.832	0.707	0.82	0.995	0.86	0.886	0.865	0.966	0.846	0.836	0.917	0.831	0.794	0.996	0.962	0.827	0.719	0.822	0.81	0.725	0.697	0.741	0.822	0.78	0.635	0.693	0.805	0.922	0.711	0.649	0.737	0.63	0.612	0.872	1.057	0.744	0.674	0.864	0.765	0.909	0.777	0.846	1.125	0.924	0.834	0.769	0.847	0.751	0.762	0.81	0.736	0.855	0.792	0.873	1.077	0.805	0.983	0.72	0.767	0.801	0.847	0.8	1.002
"19"	1.066	1.014	1.216	1.249	1.589	1.342	1.305	1.224	1.218	1.508	1.396	1.344	1.147	1.196	1.078	0.911	1.389	0.769	0	1.223	0.855	0.986	0.975	1.077	0.791	0.776	1.274	1.133	1.107	0.91	1.167	1.311	1.223	1.111	1.229	0.942	1.222	1.054	1.028	1.147	1.106	0.952	1.158	1.164	1.299	0.874	0.967	1.032	1.071	0.997	1.002	1.068	0.901	0.842	0.979	0.94	0.929	0.905	0.988	1.064	1.008	0.907	0.919	1.061	1.137	0.793	0.836	0.869	0.971	1	1.175	1.298	0.994	1.046	1.164	1.075	1.156	1.022	1.192	1.397	1.231	0.961	0.963	1.032	0.962	0.927	1.098	1.038	1.088	0.986	1	1.197	1.048	1.152	0.852	0.929	0.963	1.101	0.987	1.172
"20"	1.106	0.902	0.993	1.188	1.097	0.83	0.837	1.127	0.772	1.017	0.999	1.049	1.054	1.174	0.953	0.997	1.193	0.852	1.223	0	1.05	0.844	0.683	0.863	0.982	1.021	0.817	0.868	0.797	0.965	0.778	0.755	0.959	1.139	0.898	1.096	1.046	1.054	0.98	1.025	1.183	1.176	1.135	0.859	0.869	1.174	1.133	1.145	0.972	0.985	1.384	1.298	1.068	1.133	1.268	1.074	0.983	0.849	0.991	1.003	0.895	0.908	0.952	1.098	1.171	1.05	1.022	1.096	0.763	0.853	0.978	0.958	0.836	0.935	1.04	1.027	0.976	0.881	0.904	1.139	1.033	1.031	0.933	1.044	1.09	1.133	0.909	0.842	0.811	0.962	0.987	1.106	0.783	1.116	0.996	0.926	0.944	0.88	1.005	0.937
"21"	0.993	0.824	0.873	1.089	1.436	1.018	0.963	0.86	1.015	1.225	1.049	1.023	0.919	0.892	0.818	0.797	1.132	0.73	0.855	1.05	0	0.772	0.857	0.861	0.862	0.715	0.992	0.954	0.907	0.756	0.937	1.072	1.018	0.795	1.004	0.831	1.002	0.889	0.788	0.865	0.883	0.824	0.84	0.907	1.043	0.702	0.781	0.83	0.93	0.935	0.955	0.962	0.873	0.789	0.874	0.973	0.58	0.727	0.681	0.841	0.82	0.813	0.765	0.872	0.817	0.659	0.668	0.78	0.87	0.885	0.921	0.963	0.762	0.952	0.894	0.983	0.896	0.847	1.002	1.043	1.122	0.981	0.864	0.973	0.81	0.84	0.841	0.831	0.827	0.792	0.819	0.883	0.9	1.112	0.835	0.796	0.925	0.852	0.833	0.907
"22"	1.104	0.923	1.029	1.236	1.236	0.986	0.885	1.05	0.868	1.085	0.954	0.958	0.978	1	0.767	0.798	1.244	0.694	0.986	0.844	0.772	0	0.602	0.837	0.781	0.736	0.865	0.715	0.76	0.788	0.863	0.901	0.813	1.015	0.946	1.006	0.995	1.011	0.94	0.908	0.939	1.064	1.072	0.935	0.934	0.98	1.001	1.023	0.954	0.85	1.175	1.043	0.927	0.945	1.003	1.023	0.854	0.72	0.823	0.978	0.878	0.786	0.835	0.86	0.942	0.857	0.822	0.856	0.708	0.634	0.825	0.991	0.782	0.81	0.922	0.873	0.874	0.724	0.984	1.103	0.941	0.813	0.827	0.934	0.877	0.838	0.804	0.718	0.885	0.868	0.917	1.045	0.827	1.141	0.818	0.879	0.882	0.823	0.853	1.005
"23"	1.029	0.791	0.955	1.133	1.096	0.915	0.853	1.052	0.834	0.991	0.989	1.015	1.01	1.069	0.839	0.778	1.209	0.691	0.975	0.683	0.857	0.602	0	0.785	0.822	0.752	0.855	0.818	0.735	0.772	0.737	0.816	0.86	0.982	0.86	0.906	1.016	0.975	0.919	0.919	0.963	1.078	1.028	0.809	0.924	0.997	1.014	0.984	0.905	0.909	1.211	1.147	0.921	0.98	1.068	0.887	0.836	0.641	0.854	0.945	0.903	0.78	0.831	0.955	1.035	0.845	0.838	0.849	0.681	0.767	0.892	0.929	0.761	0.878	0.923	0.978	0.9	0.78	0.94	1.156	0.966	0.832	0.745	0.961	0.906	0.931	0.841	0.789	0.79	0.861	0.825	1.014	0.715	1.017	0.775	0.785	0.766	0.7	0.833	0.88
"24"	0.781	0.672	0.762	0.93	0.97	0.881	0.847	1.044	0.763	0.912	0.956	0.978	1.018	1.121	1.008	0.854	1.198	0.773	1.077	0.863	0.861	0.837	0.785	0	0.962	0.867	0.777	0.873	0.666	0.73	0.748	0.826	0.953	0.844	0.808	0.844	0.919	0.971	0.834	0.879	1.087	1.042	0.836	0.782	0.905	0.981	0.867	0.934	0.734	1.106	1.181	1.229	1.074	0.979	1.067	0.855	0.701	0.644	0.828	0.869	0.872	0.728	0.816	1.056	1.082	0.887	0.859	0.891	0.844	0.827	0.936	0.864	0.747	0.922	0.911	1	0.899	0.897	0.808	1.189	1.082	1.028	0.757	1.047	0.948	0.975	0.87	0.856	0.751	0.846	0.87	0.852	0.688	0.879	0.821	0.729	0.782	0.761	0.869	0.794
"25"	0.987	1.015	1.174	1.178	1.376	1.182	1.124	1.188	0.909	1.303	1.171	1.13	1.114	1.124	0.932	0.803	1.365	0.577	0.791	0.982	0.862	0.781	0.822	0.962	0	0.736	0.928	0.765	0.85	0.92	0.968	1.112	0.934	1.142	0.99	1.004	1.133	1.045	0.933	1.018	1.122	0.987	1.055	0.992	1.108	0.956	0.991	1.057	0.972	0.843	1.025	1.075	0.96	0.803	0.937	0.882	0.881	0.787	0.903	0.961	0.962	0.705	0.821	0.95	1.08	0.865	0.832	0.878	0.721	0.713	1.084	1.174	0.881	0.744	1.013	0.839	1	0.875	0.952	1.261	1.018	0.914	0.847	0.966	0.939	0.91	1.022	0.892	1.023	0.902	0.992	1.195	0.951	1.03	0.823	0.897	0.932	0.964	0.904	1.11
"26"	1.049	0.779	0.907	1.238	1.403	1.077	1.02	0.965	1.027	1.255	1.108	1.033	1.07	0.966	0.772	0.761	1.179	0.583	0.776	1.021	0.715	0.736	0.752	0.867	0.736	0	0.994	0.842	0.876	0.714	0.99	1.054	1.002	0.951	1.045	0.816	1.026	0.852	0.871	0.884	0.865	0.86	0.949	0.957	1.006	0.856	0.814	0.891	0.919	0.752	0.964	0.896	0.778	0.7	0.854	0.942	0.727	0.676	0.734	0.829	0.847	0.734	0.779	0.806	0.853	0.645	0.7	0.64	0.792	0.746	0.867	1.032	0.715	0.823	0.801	0.913	0.946	0.675	0.981	1.084	1.031	0.692	0.732	0.789	0.695	0.686	0.797	0.773	0.886	0.846	0.845	0.962	0.799	1.108	0.731	0.867	0.866	0.847	0.81	0.979
"27"	0.949	0.883	0.92	0.987	1.024	0.891	0.765	0.965	0.687	0.9	0.828	0.793	0.954	1.065	0.987	0.88	1.172	0.867	1.274	0.817	0.992	0.865	0.855	0.777	0.928	0.994	0	0.707	0.65	0.897	0.753	0.838	0.924	1.019	0.8	1.142	1.062	1.061	0.946	0.957	1.169	1.09	0.922	0.819	0.861	1.142	0.999	0.983	0.822	1.09	1.264	1.288	1.174	1.121	1.172	1.07	0.916	0.874	0.947	0.886	1.015	0.833	0.935	1.047	1.076	1.111	1.058	1	0.881	0.862	0.956	0.859	0.806	0.853	0.891	0.952	0.787	0.869	0.734	1.092	1.121	1.11	0.93	1.059	1.041	1.195	0.997	0.978	0.942	0.975	1.012	1.041	0.938	0.991	1.034	0.986	0.963	0.825	0.911	0.924
"28"	1.157	0.946	1.08	1.222	1.196	1.088	0.831	1.069	0.618	0.984	0.844	0.774	1.005	1.008	0.799	0.793	1.171	0.683	1.133	0.868	0.954	0.715	0.818	0.873	0.765	0.842	0.707	0	0.635	0.857	0.873	0.818	0.784	1.029	0.885	1.079	1.046	0.915	0.87	0.88	1.019	1.041	0.95	0.796	0.811	1.081	0.97	0.987	0.892	0.886	1.162	1.122	0.948	0.964	0.985	1.121	0.944	0.922	0.809	0.872	0.933	0.769	0.854	0.819	0.966	0.937	0.89	0.895	0.795	0.686	0.857	0.984	0.832	0.673	0.809	0.686	0.746	0.727	0.82	0.995	0.935	0.954	0.897	0.909	0.868	1.031	0.95	0.902	1.044	0.968	1.094	1.126	0.942	1.088	0.92	1	0.914	0.853	0.8	1.035
"29"	0.964	0.761	0.862	0.957	0.957	0.901	0.724	0.942	0.53	0.845	0.807	0.807	0.88	0.999	0.823	0.745	1.079	0.707	1.107	0.797	0.907	0.76	0.735	0.666	0.85	0.876	0.65	0.635	0	0.77	0.607	0.666	0.806	0.865	0.689	0.9	0.892	0.857	0.79	0.777	1.042	0.984	0.811	0.708	0.808	0.956	0.892	0.912	0.778	0.971	1.17	1.178	0.978	0.889	1.014	0.925	0.84	0.765	0.821	0.861	0.849	0.753	0.795	0.947	1.004	0.901	0.804	0.864	0.732	0.751	0.857	0.815	0.769	0.736	0.782	0.785	0.768	0.799	0.793	0.987	0.948	0.999	0.755	1	0.903	1.027	0.836	0.838	0.886	0.863	0.925	0.989	0.802	0.91	0.862	0.823	0.795	0.74	0.739	0.868
"30"	0.948	0.679	0.812	1.012	1.205	1.03	0.859	0.899	0.881	1.122	0.992	0.919	0.899	0.864	0.855	0.775	1.029	0.7	0.91	0.965	0.756	0.788	0.772	0.73	0.92	0.714	0.897	0.857	0.77	0	0.785	0.977	0.934	0.75	0.991	0.784	0.942	0.872	0.771	0.677	0.821	0.879	0.876	0.876	0.929	0.922	0.64	0.723	0.786	0.962	0.941	0.891	0.814	0.835	0.842	0.946	0.698	0.716	0.73	0.706	0.794	0.756	0.757	0.84	0.935	0.721	0.767	0.739	0.87	0.849	0.748	0.863	0.696	0.881	0.785	0.871	0.795	0.812	0.889	1.026	1.154	0.816	0.727	0.814	0.704	0.837	0.851	0.836	0.844	0.786	0.887	0.834	0.787	1.01	0.78	0.862	0.836	0.751	0.792	0.857
"31"	0.88	0.766	0.83	0.853	0.948	0.853	0.664	0.981	0.638	0.876	0.981	0.966	0.877	1.048	0.956	0.782	1.022	0.85	1.167	0.778	0.937	0.863	0.737	0.748	0.968	0.99	0.753	0.873	0.607	0.785	0	0.654	0.852	0.81	0.727	0.91	0.929	0.923	0.856	0.803	1.139	1.03	0.82	0.759	0.892	0.987	0.929	0.873	0.78	1.035	1.174	1.221	1.051	0.974	1.12	0.925	0.879	0.764	0.877	0.843	0.87	0.847	0.845	1.138	1.145	0.955	0.916	0.933	0.809	0.842	0.986	0.739	0.744	0.873	0.903	0.943	0.857	0.87	0.762	1.01	1.009	1.066	0.77	1.065	0.979	1.081	0.794	0.893	0.829	0.82	0.843	0.918	0.76	0.947	0.902	0.764	0.827	0.72	0.832	0.736
"32"	1.149	0.844	0.915	1.119	1.02	0.87	0.663	1.004	0.641	0.833	0.829	0.903	0.886	1.029	0.912	0.864	0.976	0.918	1.311	0.755	1.072	0.901	0.816	0.826	1.112	1.054	0.838	0.818	0.666	0.977	0.654	0	0.865	0.928	0.761	1.031	0.966	0.889	0.89	0.913	1.158	1.11	0.892	0.743	0.857	1.043	1.051	1.015	0.902	1.028	1.368	1.292	1.057	1.075	1.232	1.115	1.006	0.945	0.957	0.993	0.947	1.003	0.929	1.124	1.098	1.033	0.982	1.029	0.845	0.904	0.991	0.884	0.884	0.91	0.949	0.942	0.892	0.876	0.881	0.957	0.882	1.155	0.943	1.134	1.008	1.181	0.829	0.883	0.867	0.978	0.988	1.013	0.851	1.1	1.024	0.87	0.864	0.817	0.857	0.897
"33"	1.209	1.042	1.132	1.27	1.255	1.126	0.95	1.172	0.828	1.022	0.862	0.94	1	1.044	0.826	0.838	1.258	0.837	1.223	0.959	1.018	0.813	0.86	0.953	0.934	1.002	0.924	0.784	0.806	0.934	0.852	0.865	0	1.08	0.987	1.071	1.144	0.981	0.932	0.92	1.195	1.082	0.972	0.894	1.139	1.056	1.055	1.109	1.044	0.982	1.263	1.163	1.059	0.997	1.103	1.107	0.964	0.961	0.997	1.085	1.048	0.977	0.993	1.081	1.092	1.05	0.983	1.006	0.835	0.815	1.077	1.057	0.961	0.778	0.995	0.776	0.968	0.943	1.053	1.157	0.91	1.125	1.013	1.187	1.022	1.113	1.033	0.92	1.076	0.975	1.139	1.213	1.062	1.206	1.062	1.006	1.034	0.914	1.058	1.151
"34"	1.055	0.789	0.792	0.952	1.323	1.039	0.788	0.783	0.988	1.108	1.051	1.004	0.942	0.895	0.919	0.818	0.836	0.949	1.111	1.139	0.795	1.015	0.982	0.844	1.142	0.951	1.019	1.029	0.865	0.75	0.81	0.928	1.08	0	0.986	0.79	1.056	0.776	0.722	0.715	0.918	0.844	0.627	0.873	0.984	0.828	0.661	0.702	0.91	1.114	1.021	1.089	0.957	0.911	1.049	1.115	0.786	0.915	0.78	0.806	0.862	0.981	0.852	1.077	0.946	0.836	0.851	0.904	1.073	1.07	0.921	0.842	0.814	1.054	0.866	1.022	0.889	0.938	0.944	0.929	1.245	1.145	0.936	1.089	0.862	1.011	0.909	0.971	0.894	0.834	0.93	0.747	0.91	1.117	0.913	0.82	0.867	0.841	0.811	0.851
"35"	0.984	0.863	0.966	0.965	0.99	0.953	0.772	1.061	0.735	0.976	1.022	1.042	1	1.233	1.041	0.878	1.212	0.861	1.229	0.898	1.004	0.946	0.86	0.808	0.99	1.045	0.8	0.885	0.689	0.991	0.727	0.761	0.987	0.986	0	1.012	0.925	0.993	0.844	0.919	1.264	1.178	0.938	0.913	0.93	1.064	1.051	1.066	0.922	1.141	1.314	1.344	1.213	1.056	1.239	0.974	0.963	0.885	0.954	1.044	0.944	0.91	0.961	1.207	1.209	1.047	0.955	1.044	0.83	0.861	1.058	0.988	0.947	0.917	1.092	1.057	0.986	0.949	0.803	1.118	1.036	1.215	0.895	1.203	1.067	1.157	0.939	0.926	0.89	0.953	0.886	1.078	0.85	0.896	0.941	0.851	0.964	0.954	0.946	0.926
"36"	1.11	0.832	0.924	1.148	1.384	1.112	1.055	1.054	1.066	1.225	1.129	1.175	1.043	1.045	0.915	0.794	1.073	0.793	0.942	1.096	0.831	1.006	0.906	0.844	1.004	0.816	1.142	1.079	0.9	0.784	0.91	1.031	1.071	0.79	1.012	0	0.908	0.762	0.76	0.882	0.985	0.885	0.792	0.886	1.13	0.766	0.843	0.867	0.961	0.999	1.066	1.079	0.859	0.791	0.97	0.889	0.754	0.865	0.847	0.971	0.904	0.969	0.86	1.075	1.014	0.714	0.669	0.87	1.009	1.005	0.99	1.076	0.873	1.037	0.953	1.033	1.075	0.973	1.076	1.127	1.064	1.056	0.917	1.066	0.858	0.895	0.829	0.906	0.85	0.898	0.914	0.975	0.871	1.115	0.801	0.805	0.856	0.937	0.937	0.974
"37"	1.209	0.924	1.006	1.217	1.304	1.087	1.05	1.181	0.99	1.301	1.168	1.206	1.037	1.167	1.006	0.992	1.199	0.959	1.222	1.046	1.002	0.995	1.016	0.919	1.133	1.026	1.062	1.046	0.892	0.942	0.929	0.966	1.144	1.056	0.925	0.908	0	0.998	0.994	0.944	1.162	1.249	1.107	1.021	1.123	1.084	1.049	1.079	1.082	1.192	1.259	1.218	1.086	0.994	1.196	1.129	1.038	1.05	1.025	1.143	1.022	1.035	1.085	1.116	1.166	1.006	0.913	1.083	1.06	0.947	0.978	1.113	1.007	1.098	1.06	1.149	1.058	1.043	1.084	1.097	1.119	1.084	0.998	1.159	1.041	1.103	0.927	1.017	1.047	1.148	1.104	1.148	1.011	1.233	1.068	1.057	1.125	1.05	1.07	1.098
"38"	1.235	0.88	0.957	1.182	1.432	1.062	0.901	0.853	0.91	1.183	0.971	0.959	0.879	0.83	0.793	0.728	0.822	0.832	1.054	1.054	0.889	1.011	0.975	0.971	1.045	0.852	1.061	0.915	0.857	0.872	0.923	0.889	0.981	0.776	0.993	0.762	0.998	0	0.681	0.797	0.903	0.798	0.767	0.808	0.959	0.797	0.807	0.784	0.987	0.855	1.039	0.991	0.792	0.768	0.898	1.147	0.869	1.009	0.727	0.879	0.848	1.006	0.914	0.903	0.837	0.722	0.701	0.797	0.962	0.972	0.844	0.95	0.83	0.908	0.82	0.839	0.92	0.831	1.015	0.793	1.058	1.036	0.954	0.949	0.764	0.983	0.834	0.913	0.945	0.922	1.021	0.952	0.961	1.181	0.913	0.91	0.922	0.871	0.836	0.95
"39"	1.046	0.833	0.885	1.067	1.339	1.072	0.81	0.87	0.848	1.182	0.953	1.011	0.922	0.931	0.827	0.724	0.926	0.707	1.028	0.98	0.788	0.94	0.919	0.834	0.933	0.871	0.946	0.87	0.79	0.771	0.856	0.89	0.932	0.722	0.844	0.76	0.994	0.681	0	0.662	0.921	0.751	0.701	0.829	0.962	0.799	0.721	0.793	0.875	0.942	0.989	0.974	0.861	0.808	0.874	1.022	0.76	0.865	0.704	0.824	0.771	0.862	0.695	0.947	0.902	0.716	0.703	0.822	0.891	0.877	0.856	0.976	0.813	0.864	0.901	0.874	0.828	0.876	0.865	0.981	1.116	1.071	0.931	1.002	0.741	0.919	0.86	0.807	0.876	0.815	0.928	0.933	0.856	0.954	0.815	0.79	0.865	0.893	0.845	0.94
"40"	1.102	0.826	0.868	1.081	1.272	1.106	0.756	0.865	0.862	1.161	0.954	0.91	0.91	0.866	0.753	0.807	0.876	0.82	1.147	1.025	0.865	0.908	0.919	0.879	1.018	0.884	0.957	0.88	0.777	0.677	0.803	0.913	0.92	0.715	0.919	0.882	0.944	0.797	0.662	0	0.889	0.894	0.789	0.908	0.887	0.983	0.685	0.778	0.988	1.009	0.961	0.915	0.877	0.86	0.904	1.172	0.892	0.933	0.706	0.827	0.801	0.937	0.824	0.958	0.931	0.826	0.851	0.859	0.952	0.88	0.808	0.875	0.829	0.899	0.791	0.835	0.808	0.888	0.897	0.898	1.195	0.988	0.882	0.975	0.776	0.974	0.899	0.85	1.012	0.853	1.019	0.939	0.937	1.122	0.949	0.95	0.993	0.893	0.872	0.959
"41"	1.351	0.918	1.048	1.347	1.554	1.134	1.016	0.826	1.15	1.382	1.088	1.053	1.073	0.866	0.796	0.951	1.005	0.995	1.106	1.183	0.883	0.939	0.963	1.087	1.122	0.865	1.169	1.019	1.042	0.821	1.139	1.158	1.195	0.918	1.264	0.985	1.162	0.903	0.921	0.889	0	0.865	1.047	1.012	1.026	1.038	0.871	0.765	1.175	0.949	1.001	0.806	0.761	0.98	0.87	1.38	0.968	1	0.785	0.909	0.976	1.044	0.907	0.771	0.83	0.758	0.828	0.705	1.097	1.031	0.758	1.043	0.835	1.127	0.923	1.022	0.801	0.767	1.123	0.961	1.39	0.919	1.028	0.85	0.768	0.944	0.937	0.991	1.07	1.049	1.088	0.956	1.025	1.34	1.011	1.117	1.133	0.881	0.899	1.042
"42"	1.12	0.94	0.965	1.147	1.548	1.181	1.006	0.858	1.058	1.303	1.054	0.999	0.957	0.881	0.851	0.848	0.987	0.86	0.952	1.176	0.824	1.064	1.078	1.042	0.987	0.86	1.09	1.041	0.984	0.879	1.03	1.11	1.082	0.844	1.178	0.885	1.249	0.798	0.751	0.894	0.865	0	0.764	0.906	1.097	0.795	0.706	0.691	0.987	0.936	0.894	0.934	0.883	0.897	0.868	1.181	0.819	0.969	0.806	0.842	0.904	0.987	0.802	0.972	0.905	0.787	0.811	0.753	1.052	1.034	1.035	1.013	0.8	0.953	0.867	0.869	0.874	0.888	0.988	1.042	1.275	1.103	1.036	0.961	0.818	0.979	0.948	0.992	0.987	0.889	1.015	0.945	1.072	1.148	0.978	0.91	0.998	0.926	0.836	0.973
"43"	0.985	0.802	0.815	0.945	1.286	1.07	0.826	0.832	0.881	1.041	0.924	0.905	0.883	0.902	0.939	0.795	0.916	0.886	1.158	1.135	0.84	1.072	1.028	0.836	1.055	0.949	0.922	0.95	0.811	0.876	0.82	0.892	0.972	0.627	0.938	0.792	1.107	0.767	0.701	0.789	1.047	0.764	0	0.7	1.02	0.787	0.712	0.737	0.805	1.071	0.962	1.094	0.956	0.893	0.958	1.051	0.773	0.934	0.767	0.787	0.891	0.93	0.768	1.045	0.905	0.865	0.832	0.837	1.024	1.036	0.992	0.833	0.825	0.947	0.808	0.914	0.843	0.927	0.887	0.983	1.141	1.215	0.944	1.092	0.86	1.048	0.932	1.021	0.938	0.867	0.976	0.851	0.947	0.996	0.897	0.808	0.837	0.819	0.805	0.837
"44"	1.032	0.804	0.898	1.041	1.19	0.939	0.835	0.96	0.685	0.924	0.834	0.88	0.852	0.911	0.911	0.8	0.968	0.865	1.164	0.859	0.907	0.935	0.809	0.782	0.992	0.957	0.819	0.796	0.708	0.876	0.759	0.743	0.894	0.873	0.913	0.886	1.021	0.808	0.829	0.908	1.012	0.906	0.7	0	0.888	0.899	0.879	0.792	0.773	1.015	1.085	1.144	0.876	0.947	0.956	0.993	0.776	0.901	0.803	0.826	0.877	0.875	0.8	0.934	0.892	0.854	0.813	0.846	0.878	0.941	0.915	0.796	0.798	0.879	0.72	0.873	0.736	0.816	0.865	0.969	0.953	1.084	0.862	0.975	0.868	1.088	0.931	0.966	0.87	0.89	0.964	0.912	0.864	0.968	0.898	0.831	0.76	0.691	0.754	0.767
"45"	1.161	0.94	1.016	1.134	1.203	0.903	0.823	0.919	0.801	1.034	0.931	0.867	1.067	1.043	1.014	1.006	1.006	0.966	1.299	0.869	1.043	0.934	0.924	0.905	1.108	1.006	0.861	0.811	0.808	0.929	0.892	0.857	1.139	0.984	0.93	1.13	1.123	0.959	0.962	0.887	1.026	1.097	1.02	0.888	0	1.171	1.029	0.927	0.905	1.046	1.219	1.191	1.054	1.078	1.13	1.254	0.992	0.936	0.805	0.813	0.825	0.93	0.93	1.063	1.103	1.011	1.029	1	0.967	0.987	0.926	0.811	0.792	0.973	0.898	0.978	0.897	0.845	0.91	0.916	1.248	1.037	0.881	0.881	0.976	1.102	0.931	0.933	0.943	0.885	1.015	0.947	0.854	1.186	1.014	1.058	0.988	0.85	0.828	0.847
"46"	1.107	0.928	0.991	1.162	1.544	1.103	1.062	0.929	1.083	1.296	1.135	1.125	0.888	0.865	0.903	0.717	1.057	0.846	0.874	1.174	0.702	0.98	0.997	0.981	0.956	0.856	1.142	1.081	0.956	0.922	0.987	1.043	1.056	0.828	1.064	0.766	1.084	0.797	0.799	0.983	1.038	0.795	0.787	0.899	1.171	0	0.829	0.85	0.935	0.927	1	1.027	0.819	0.775	0.905	0.931	0.708	0.93	0.854	1.007	0.964	0.99	0.845	0.991	0.851	0.678	0.68	0.864	0.979	1.004	1.03	1.057	0.889	0.976	0.944	0.963	0.998	0.919	1.117	1.066	1.017	1.142	0.983	1.122	0.835	0.896	0.882	0.902	0.868	0.887	0.877	0.93	0.982	1.112	0.796	0.764	0.858	0.924	0.828	0.977
"47"	0.979	0.742	0.812	0.987	1.4	1.114	0.896	0.814	0.984	1.224	1.026	0.952	0.844	0.816	0.888	0.85	0.908	0.836	0.967	1.133	0.781	1.001	1.014	0.867	0.991	0.814	0.999	0.97	0.892	0.64	0.929	1.051	1.055	0.661	1.051	0.843	1.049	0.807	0.721	0.685	0.871	0.706	0.712	0.879	1.029	0.829	0	0.653	0.874	0.99	0.745	0.833	0.851	0.853	0.861	1.082	0.7	0.893	0.713	0.7	0.798	0.853	0.761	0.934	0.815	0.731	0.817	0.782	1.019	0.983	0.852	0.882	0.754	0.863	0.756	0.851	0.767	0.886	0.86	0.922	1.224	1.004	0.872	0.913	0.765	0.941	0.957	0.928	0.921	0.832	0.97	0.758	0.941	1.055	0.883	0.898	0.921	0.897	0.822	0.897
"48"	1.031	0.802	0.897	1.002	1.413	1.032	0.876	0.697	0.958	1.209	0.997	0.9	0.871	0.746	0.914	0.825	0.797	0.917	1.032	1.145	0.83	1.023	0.984	0.934	1.057	0.891	0.983	0.987	0.912	0.723	0.873	1.015	1.109	0.702	1.066	0.867	1.079	0.784	0.793	0.778	0.765	0.691	0.737	0.792	0.927	0.85	0.653	0	0.862	1.019	0.772	0.875	0.827	0.882	0.842	1.162	0.774	0.924	0.695	0.648	0.839	0.919	0.779	0.935	0.888	0.766	0.817	0.643	1.054	1.04	0.885	0.782	0.745	0.978	0.757	0.914	0.716	0.824	0.918	0.868	1.286	1.04	0.869	0.834	0.755	1.018	0.894	1.043	0.948	0.84	0.94	0.742	0.949	1.119	0.907	0.905	0.933	0.754	0.721	0.728
"49"	0.796	0.804	0.899	0.936	1.151	1.037	0.913	1.025	0.813	1.021	1.057	1.005	0.96	1.078	1.13	0.84	1.122	0.831	1.071	0.972	0.93	0.954	0.905	0.734	0.972	0.919	0.822	0.892	0.778	0.786	0.78	0.902	1.044	0.91	0.922	0.961	1.082	0.987	0.875	0.988	1.175	0.987	0.805	0.773	0.905	0.935	0.874	0.862	0	1.109	1.077	1.231	1.049	0.963	1.005	0.82	0.792	0.793	0.851	0.779	0.876	0.694	0.728	1.059	1.091	0.942	0.949	0.942	0.927	0.948	1.033	0.853	0.761	0.906	0.873	0.983	0.913	0.912	0.818	1.17	1.109	1.043	0.786	0.986	0.891	1.004	0.951	0.951	0.87	0.746	0.835	0.865	0.779	0.83	0.771	0.804	0.673	0.803	0.736	0.802
"50"	1.283	1.033	1.15	1.377	1.526	1.097	1.045	1.011	1.025	1.324	1.086	1.067	1.027	0.924	0.775	0.824	1.105	0.794	0.997	0.985	0.935	0.85	0.909	1.106	0.843	0.752	1.09	0.886	0.971	0.962	1.035	1.028	0.982	1.114	1.141	0.999	1.192	0.855	0.942	1.009	0.949	0.936	1.071	1.015	1.046	0.927	0.99	1.019	1.109	0	1.109	0.855	0.782	0.813	0.913	1.141	0.927	0.886	0.836	0.943	0.872	0.933	0.889	0.81	0.916	0.776	0.762	0.767	0.777	0.812	0.879	1.097	0.748	0.77	0.914	0.796	0.98	0.71	1.028	0.93	0.995	0.837	0.961	0.813	0.818	0.908	0.773	0.794	0.971	0.94	1.009	1.097	0.933	1.289	0.902	0.99	0.995	0.924	0.953	1.096
"51"	1.149	1.051	1.158	1.197	1.685	1.365	1.229	1.075	1.199	1.529	1.319	1.221	1.095	1.011	1.086	1.063	1.134	0.996	1.002	1.384	0.955	1.175	1.211	1.181	1.025	0.964	1.264	1.162	1.17	0.941	1.174	1.368	1.263	1.021	1.314	1.066	1.259	1.039	0.989	0.961	1.001	0.894	0.962	1.085	1.219	1	0.745	0.772	1.077	1.109	0	0.724	0.849	0.891	0.781	1.259	0.946	1.091	0.812	0.808	0.91	0.939	0.869	1.037	0.99	0.836	0.942	0.833	1.143	1.122	1.06	1.079	0.969	1.039	0.979	0.995	0.96	1.033	1.135	1.136	1.427	1.064	0.97	0.896	0.917	1.025	1.176	1.202	1.255	0.974	1.187	1.053	1.137	1.266	0.996	1.073	1.147	1.104	0.987	1.055
"52"	1.388	1.08	1.216	1.437	1.74	1.298	1.211	1.026	1.229	1.571	1.23	1.169	1.097	0.885	0.911	1.02	1.101	0.962	1.068	1.298	0.962	1.043	1.147	1.229	1.075	0.896	1.288	1.122	1.178	0.891	1.221	1.292	1.163	1.089	1.344	1.079	1.218	0.991	0.974	0.915	0.806	0.934	1.094	1.144	1.191	1.027	0.833	0.875	1.231	0.855	0.724	0	0.726	0.907	0.793	1.383	0.987	1.094	0.805	0.905	0.883	1.022	0.9	0.826	0.924	0.813	0.875	0.78	1.072	1.004	0.877	1.136	0.934	0.975	0.975	0.907	0.902	0.89	1.184	0.994	1.363	0.92	1.059	0.794	0.766	0.965	1.035	1.035	1.2	1.051	1.192	1.097	1.118	1.401	1.024	1.153	1.214	1.062	1.044	1.149
"53"	1.301	0.919	1.117	1.338	1.569	1.187	1.087	0.983	1.067	1.369	1.121	1.111	0.985	0.829	0.776	0.837	0.96	0.827	0.901	1.068	0.873	0.927	0.921	1.074	0.96	0.778	1.174	0.948	0.978	0.814	1.051	1.057	1.059	0.957	1.213	0.859	1.086	0.792	0.861	0.877	0.761	0.883	0.956	0.876	1.054	0.819	0.851	0.827	1.049	0.782	0.849	0.726	0	0.721	0.734	1.165	0.878	0.976	0.748	0.872	0.826	0.951	0.793	0.792	0.786	0.651	0.706	0.739	0.932	0.946	0.826	1.079	0.866	0.933	0.891	0.872	0.866	0.777	1.12	0.939	1.082	0.879	0.956	0.816	0.693	0.891	0.928	0.905	1.042	0.951	1.075	1.044	0.953	1.278	0.876	0.959	0.929	0.874	0.876	1.036
"54"	1.099	0.904	1	1.16	1.485	1.149	1.093	0.998	1.02	1.341	1.173	1.129	0.988	0.935	0.831	0.763	1.036	0.719	0.842	1.133	0.789	0.945	0.98	0.979	0.803	0.7	1.121	0.964	0.889	0.835	0.974	1.075	0.997	0.911	1.056	0.791	0.994	0.768	0.808	0.86	0.98	0.897	0.893	0.947	1.078	0.775	0.853	0.882	0.963	0.813	0.891	0.907	0.721	0	0.782	0.939	0.798	0.831	0.739	0.865	0.79	0.857	0.825	0.884	0.928	0.683	0.674	0.761	0.838	0.847	0.966	1.096	0.809	0.851	0.881	0.879	1.003	0.854	1.071	1.01	1.078	0.895	0.854	0.881	0.746	0.801	0.882	0.84	1.01	0.818	0.969	1.043	0.934	1.174	0.873	0.908	0.987	0.951	0.912	1.066
"55"	1.211	1.029	1.141	1.259	1.557	1.288	1.146	1.054	1.057	1.414	1.174	1.075	1.035	0.894	0.933	0.814	1.114	0.822	0.979	1.268	0.874	1.003	1.068	1.067	0.937	0.854	1.172	0.985	1.014	0.842	1.12	1.232	1.103	1.049	1.239	0.97	1.196	0.898	0.874	0.904	0.87	0.868	0.958	0.956	1.13	0.905	0.861	0.842	1.005	0.913	0.781	0.793	0.734	0.782	0	1.086	0.841	0.989	0.742	0.858	0.896	0.886	0.782	0.783	0.857	0.696	0.721	0.712	0.96	0.955	0.91	1.121	0.891	0.936	0.857	0.871	0.926	0.906	1.092	1.123	1.245	0.97	0.995	0.817	0.631	0.878	0.987	0.971	1.138	0.92	1.073	1.071	1.086	1.17	0.867	1.035	0.999	0.882	0.901	1.123
"56"	0.868	0.971	1.055	1.068	1.252	1.195	1.188	1.312	1.02	1.193	1.307	1.303	1.114	1.282	1.219	0.862	1.433	0.81	0.94	1.074	0.973	1.023	0.887	0.855	0.882	0.942	1.07	1.121	0.925	0.946	0.925	1.115	1.107	1.115	0.974	0.889	1.129	1.147	1.022	1.172	1.38	1.181	1.051	0.993	1.254	0.931	1.082	1.162	0.82	1.141	1.259	1.383	1.165	0.939	1.086	0	0.811	0.791	1.09	1.076	1.028	0.822	0.905	1.196	1.208	0.96	0.91	1.054	0.866	1.014	1.216	1.19	0.989	1.005	1.118	1.17	1.239	1.145	1.078	1.435	1.001	1.12	0.893	1.195	1.053	1.013	1.069	0.95	0.877	0.846	0.813	1.13	0.919	0.85	0.789	0.8	0.765	0.987	1.015	1.08
"57"	0.872	0.779	0.824	1.034	1.345	0.969	0.946	0.869	0.909	1.112	0.989	0.961	0.887	0.898	0.895	0.765	1.091	0.725	0.929	0.983	0.58	0.854	0.836	0.701	0.881	0.727	0.916	0.944	0.84	0.698	0.879	1.006	0.964	0.786	0.963	0.754	1.038	0.869	0.76	0.892	0.968	0.819	0.773	0.776	0.992	0.708	0.7	0.774	0.792	0.927	0.946	0.987	0.878	0.798	0.841	0.811	0	0.68	0.709	0.753	0.784	0.733	0.703	0.906	0.789	0.653	0.699	0.748	0.817	0.895	0.907	0.849	0.7	0.849	0.83	0.924	0.883	0.847	0.9	1.056	1.065	1.02	0.797	0.927	0.802	0.858	0.837	0.819	0.676	0.689	0.765	0.763	0.778	0.954	0.752	0.694	0.754	0.742	0.797	0.791
"58"	0.785	0.714	0.862	0.953	1.13	0.897	0.92	0.981	0.922	1.082	1.082	1.062	1.081	1.073	0.978	0.818	1.232	0.697	0.905	0.849	0.727	0.72	0.641	0.644	0.787	0.676	0.874	0.922	0.765	0.716	0.764	0.945	0.961	0.915	0.885	0.865	1.05	1.009	0.865	0.933	1	0.969	0.934	0.901	0.936	0.93	0.893	0.924	0.793	0.886	1.091	1.094	0.976	0.831	0.989	0.791	0.68	0	0.741	0.757	0.768	0.609	0.686	0.964	1.061	0.799	0.762	0.759	0.677	0.78	0.943	0.918	0.631	0.86	0.945	0.993	0.95	0.801	0.89	1.192	1.12	0.821	0.639	0.883	0.85	0.795	0.807	0.75	0.729	0.71	0.709	0.87	0.61	0.932	0.722	0.72	0.773	0.702	0.869	0.796
"59"	1.05	0.78	0.87	1.064	1.354	0.989	0.837	0.798	0.875	1.156	0.991	0.905	0.935	0.811	0.833	0.77	0.904	0.741	0.988	0.991	0.681	0.823	0.854	0.828	0.903	0.734	0.947	0.809	0.821	0.73	0.877	0.957	0.997	0.78	0.954	0.847	1.025	0.727	0.704	0.706	0.785	0.806	0.767	0.803	0.805	0.854	0.713	0.695	0.851	0.836	0.812	0.805	0.748	0.739	0.742	1.09	0.709	0.741	0	0.568	0.612	0.722	0.671	0.77	0.796	0.611	0.658	0.675	0.832	0.795	0.744	0.814	0.653	0.825	0.78	0.85	0.753	0.706	0.918	0.878	1.196	0.865	0.779	0.689	0.659	0.793	0.802	0.834	0.904	0.754	0.884	0.778	0.813	1.08	0.787	0.851	0.882	0.734	0.795	0.792
"60"	0.925	0.773	0.865	0.954	1.301	1.031	0.861	0.849	0.849	1.13	1.022	0.907	0.974	0.887	1.01	0.899	0.939	0.822	1.064	1.003	0.841	0.978	0.945	0.869	0.961	0.829	0.886	0.872	0.861	0.706	0.843	0.993	1.085	0.806	1.044	0.971	1.143	0.879	0.824	0.827	0.909	0.842	0.787	0.826	0.813	1.007	0.7	0.648	0.779	0.943	0.808	0.905	0.872	0.865	0.858	1.076	0.753	0.757	0.568	0	0.656	0.664	0.654	0.89	0.936	0.797	0.866	0.72	0.886	0.944	0.861	0.766	0.64	0.838	0.766	0.88	0.778	0.797	0.804	0.923	1.288	0.9	0.769	0.658	0.784	0.957	0.907	0.986	0.932	0.743	0.908	0.776	0.832	1.033	0.879	0.9	0.875	0.735	0.786	0.712
"61"	1.034	0.819	0.917	1.06	1.343	1.023	0.891	0.96	0.894	1.178	1.071	1.051	0.968	0.965	0.899	0.862	0.947	0.78	1.008	0.895	0.82	0.878	0.903	0.872	0.962	0.847	1.015	0.933	0.849	0.794	0.87	0.947	1.048	0.862	0.944	0.904	1.022	0.848	0.771	0.801	0.976	0.904	0.891	0.877	0.825	0.964	0.798	0.839	0.876	0.872	0.91	0.883	0.826	0.79	0.896	1.028	0.784	0.768	0.612	0.656	0	0.753	0.652	0.948	0.937	0.731	0.712	0.823	0.772	0.857	0.794	0.87	0.702	0.829	0.885	0.917	0.876	0.804	0.92	0.927	1.163	0.897	0.833	0.71	0.79	0.862	0.8	0.781	0.847	0.687	0.871	0.865	0.779	1.055	0.819	0.806	0.877	0.856	0.892	0.848
"62"	0.803	0.781	0.94	0.969	1.196	1.042	0.968	1.06	0.812	1.163	1.116	1.023	1.04	1.091	1.006	0.81	1.256	0.635	0.907	0.908	0.813	0.786	0.78	0.728	0.705	0.734	0.833	0.769	0.753	0.756	0.847	1.003	0.977	0.981	0.91	0.969	1.035	1.006	0.862	0.937	1.044	0.987	0.93	0.875	0.93	0.99	0.853	0.919	0.694	0.933	0.939	1.022	0.951	0.857	0.886	0.822	0.733	0.609	0.722	0.664	0.753	0	0.604	0.853	1.009	0.821	0.82	0.775	0.69	0.718	0.902	0.938	0.686	0.753	0.899	0.854	0.847	0.802	0.794	1.164	1.141	0.799	0.663	0.805	0.803	0.842	0.911	0.842	0.881	0.742	0.825	0.966	0.721	0.823	0.667	0.825	0.773	0.776	0.803	0.877
"63"	0.928	0.779	0.929	1.013	1.308	1.097	0.903	0.928	0.851	1.165	1.034	0.986	0.953	0.946	0.906	0.735	1.054	0.693	0.919	0.952	0.765	0.835	0.831	0.816	0.821	0.779	0.935	0.854	0.795	0.757	0.845	0.929	0.993	0.852	0.961	0.86	1.085	0.914	0.695	0.824	0.907	0.802	0.768	0.8	0.93	0.845	0.761	0.779	0.728	0.889	0.869	0.9	0.793	0.825	0.782	0.905	0.703	0.686	0.671	0.654	0.652	0.604	0	0.832	0.928	0.692	0.728	0.713	0.754	0.81	0.852	0.931	0.716	0.823	0.891	0.824	0.769	0.781	0.816	1.073	1.128	0.903	0.809	0.787	0.684	0.8	0.844	0.779	0.849	0.687	0.806	0.873	0.763	0.874	0.677	0.753	0.732	0.766	0.742	0.869
"64"	1.311	0.985	1.108	1.373	1.569	1.205	1.081	0.983	1.01	1.366	1.08	0.971	1.017	0.843	0.82	0.851	1.139	0.805	1.061	1.098	0.872	0.86	0.955	1.056	0.95	0.806	1.047	0.819	0.947	0.84	1.138	1.124	1.081	1.077	1.207	1.075	1.116	0.903	0.947	0.958	0.771	0.972	1.045	0.934	1.063	0.991	0.934	0.935	1.059	0.81	1.037	0.826	0.792	0.884	0.783	1.196	0.906	0.964	0.77	0.89	0.948	0.853	0.832	0	0.768	0.776	0.766	0.732	0.907	0.873	0.658	1.077	0.814	0.907	0.838	0.833	0.783	0.74	1.065	1	1.224	0.817	0.985	0.742	0.667	0.908	0.97	0.951	1.096	1.038	1.099	1.079	1.038	1.234	0.905	1.104	1.048	0.877	0.896	1.129
"65"	1.307	0.998	0.971	1.364	1.588	1.163	0.984	0.847	1.075	1.284	1.029	1.019	0.934	0.798	0.806	0.852	0.985	0.922	1.137	1.171	0.817	0.942	1.035	1.082	1.08	0.853	1.076	0.966	1.004	0.935	1.145	1.098	1.092	0.946	1.209	1.014	1.166	0.837	0.902	0.931	0.83	0.905	0.905	0.892	1.103	0.851	0.815	0.888	1.091	0.916	0.99	0.924	0.786	0.928	0.857	1.208	0.789	1.061	0.796	0.936	0.937	1.009	0.928	0.768	0	0.747	0.772	0.824	1.027	1.016	0.757	1.009	0.884	1.016	0.852	0.987	0.868	0.774	1.111	0.909	1.129	1.057	1.053	0.974	0.812	0.957	0.955	0.934	1.015	0.979	1.036	0.958	1.075	1.279	0.96	1.039	1.007	0.935	0.923	1.061
"66"	1.108	0.838	0.908	1.18	1.466	1.094	0.974	0.893	0.969	1.287	1.107	1.084	0.911	0.85	0.79	0.742	0.992	0.711	0.793	1.05	0.659	0.857	0.845	0.887	0.865	0.645	1.111	0.937	0.901	0.721	0.955	1.033	1.05	0.836	1.047	0.714	1.006	0.722	0.716	0.826	0.758	0.787	0.865	0.854	1.011	0.678	0.731	0.766	0.942	0.776	0.836	0.813	0.651	0.683	0.696	0.96	0.653	0.799	0.611	0.797	0.731	0.821	0.692	0.776	0.747	0	0.525	0.645	0.823	0.849	0.752	0.944	0.745	0.923	0.857	0.893	0.863	0.724	1.016	0.973	1.074	0.852	0.827	0.809	0.663	0.763	0.764	0.806	0.869	0.808	0.853	0.86	0.818	1.074	0.674	0.771	0.837	0.833	0.772	0.876
