"V1"	"V2"	"V3"	"V4"	"V5"	"V6"	"V7"	"V8"	"V9"	"V10"	"V11"	"V12"	"V13"	"V14"	"V15"	"V16"	"V17"	"V18"	"V19"	"V20"	"V21"	"V22"	"V23"	"V24"	"V25"	"V26"	"V27"	"V28"	"V29"	"V30"	"V31"	"V32"	"V33"	"V34"	"V35"	"V36"	"V37"	"V38"	"V39"	"V40"	"V41"	"V42"	"V43"	"V44"	"V45"	"V46"	"V47"	"V48"	"V49"	"V50"	"V51"	"V52"	"V53"	"V54"	"V55"	"V56"	"V57"	"V58"	"V59"	"V60"	"V61"	"V62"	"V63"	"V64"	"V65"	"V66"	"V67"	"V68"	"V69"	"V70"	"V71"	"V72"	"V73"	"V74"	"V75"	"V76"	"V77"	"V78"	"V79"	"V80"	"V81"	"V82"	"V83"	"V84"	"V85"	"V86"	"V87"	"V88"	"V89"	"V90"	"V91"	"V92"	"V93"	"V94"	"V95"	"V96"	"V97"	"V98"	"V99"	"V100"
"1"	0	0.797	0.82	1.033	1.089	0.929	0.916	0.922	0.878	0.873	0.934	0.849	1.325	1.177	1.128	1.325	1.153	1.248	1.252	1.286	1.389	1.288	1.512	1.184	1.258	1.291	1.167	1.326	1.455	1.41	1.316	1.296	1.46	1.363	1.359	1.199	1.587	1.487	1.37	1.19	1.268	1.229	1.354	1.239	1.256	1.211	1.197	1.223	1.432	1.43	1.347	1.316	1.255	1.446	1.277	1.267	1.334	1.29	1.427	1.247	1.252	1.28	1.457	1.503	1.319	1.396	1.484	1.449	1.306	1.589	1.478	1.591	1.601	1.521	1.547	1.234	1.451	1.394	1.394	1.486	1.522	1.411	1.397	1.368	1.23	1.339	1.277	1.27	1.267	1.411	1.36	1.3	1.382	1.258	1.237	1.211	1.423	1.355	1.286	1.569
"2"	0.797	0	0.979	0.949	1.124	0.858	0.876	1.041	0.838	0.843	0.919	0.911	1.32	1.148	1.107	1.218	0.944	1.04	1.22	1.354	1.222	1.139	1.43	1.045	1.117	1.053	1.026	1.131	1.285	1.266	1.181	1.139	1.271	1.183	1.183	1.081	1.317	1.342	1.153	1.041	1.17	1.205	1.359	1.162	1.179	1.131	1.108	1.206	1.271	1.336	1.263	1.157	1.143	1.333	1.166	1.127	1.195	1.152	1.197	1.15	1.191	1.13	1.324	1.373	1.222	1.247	1.282	1.177	1.137	1.425	1.349	1.398	1.394	1.341	1.397	1.208	1.302	1.235	1.158	1.274	1.259	1.283	1.204	1.202	1.14	1.123	1.153	1.123	1.144	1.302	1.251	1.17	1.182	1.097	1.069	1.163	1.425	1.237	1.143	1.301
"3"	0.82	0.979	0	1.277	1.324	1.065	1.11	0.922	1.098	1.186	1.122	1.092	1.596	1.491	1.478	1.626	1.291	1.457	1.521	1.577	1.611	1.536	1.75	1.363	1.471	1.35	1.127	1.377	1.452	1.512	1.417	1.485	1.727	1.539	1.627	1.539	1.735	1.771	1.503	1.439	1.417	1.334	1.541	1.342	1.399	1.278	1.284	1.284	1.486	1.438	1.404	1.316	1.252	1.542	1.352	1.285	1.451	1.336	1.418	1.292	1.285	1.314	1.484	1.644	1.467	1.507	1.507	1.503	1.492	1.61	1.443	1.651	1.662	1.52	1.628	1.377	1.556	1.483	1.586	1.668	1.671	1.63	1.541	1.354	1.404	1.509	1.423	1.393	1.426	1.615	1.504	1.39	1.507	1.402	1.376	1.331	1.59	1.611	1.5	1.779
"4"	1.033	0.949	1.277	0	0.965	0.814	0.822	1.086	0.795	0.926	0.907	0.893	1.129	0.94	0.849	1.103	0.971	1.115	1.309	1.246	1.19	1.129	1.457	1.019	1.265	1.086	1.055	1.188	1.315	1.228	1.194	1.073	1.284	1.168	1.132	1.044	1.243	1.285	1.157	1.038	1.194	1.278	1.349	1.323	1.241	1.226	1.273	1.269	1.427	1.397	1.324	1.263	1.303	1.386	1.27	1.263	1.215	1.244	1.375	1.262	1.359	1.295	1.32	1.435	1.178	1.225	1.259	1.279	1.126	1.41	1.381	1.508	1.5	1.351	1.391	1.219	1.471	1.294	1.255	1.22	1.328	1.416	1.212	1.303	1.17	1.227	1.221	1.215	1.205	1.342	1.32	1.237	1.246	1.078	1.138	1.171	1.415	1.17	1.078	1.279
"5"	1.089	1.124	1.324	0.965	0	1.128	1.196	1.28	1.092	1.143	1.077	0.986	1.149	1.158	1.097	1.088	1.11	1.04	1.224	1.073	1.391	1.347	1.365	1.248	1.359	1.229	1.279	1.311	1.407	1.395	1.333	1.338	1.4	1.448	1.153	1.011	1.455	1.462	1.356	1.191	1.181	1.155	1.248	1.211	1.447	1.293	1.408	1.364	1.554	1.45	1.304	1.468	1.423	1.476	1.446	1.464	1.344	1.489	1.463	1.377	1.404	1.428	1.484	1.537	1.24	1.38	1.551	1.617	1.275	1.735	1.487	1.771	1.725	1.529	1.596	1.231	1.654	1.432	1.522	1.486	1.478	1.468	1.332	1.464	1.278	1.333	1.3	1.291	1.381	1.414	1.404	1.46	1.412	1.08	1.374	1.33	1.445	1.079	1.238	1.452
"6"	0.929	0.858	1.065	0.814	1.128	0	0.702	0.915	0.756	1.04	0.916	0.973	1.232	1.145	1.068	1.361	1.095	1.22	1.475	1.434	1.36	1.246	1.604	1.144	1.295	1.092	1.029	1.192	1.316	1.308	1.212	1.107	1.36	1.185	1.269	1.173	1.26	1.3	1.164	1.166	1.228	1.321	1.441	1.358	1.276	1.278	1.296	1.347	1.451	1.45	1.454	1.241	1.283	1.468	1.257	1.173	1.258	1.243	1.32	1.238	1.337	1.239	1.342	1.472	1.271	1.275	1.239	1.238	1.229	1.276	1.289	1.488	1.527	1.335	1.462	1.281	1.398	1.216	1.33	1.256	1.468	1.485	1.349	1.274	1.256	1.303	1.365	1.271	1.218	1.509	1.341	1.287	1.281	1.215	1.218	1.233	1.527	1.358	1.137	1.369
"7"	0.916	0.876	1.11	0.822	1.196	0.702	0	0.971	0.705	0.936	0.943	0.956	1.203	1.093	0.969	1.299	1.081	1.198	1.391	1.345	1.22	1.138	1.485	1.024	1.202	1.109	0.977	1.142	1.313	1.218	1.161	1.034	1.279	1.124	1.241	1.195	1.307	1.229	1.14	1.052	1.208	1.333	1.422	1.288	1.16	1.256	1.208	1.276	1.381	1.416	1.441	1.237	1.235	1.435	1.199	1.119	1.186	1.165	1.323	1.206	1.25	1.178	1.278	1.352	1.209	1.207	1.194	1.225	1.13	1.285	1.336	1.409	1.42	1.329	1.379	1.199	1.303	1.175	1.166	1.19	1.392	1.34	1.285	1.269	1.219	1.211	1.309	1.191	1.164	1.411	1.225	1.181	1.205	1.196	1.144	1.126	1.368	1.321	1.09	1.273
"8"	0.922	1.041	0.922	1.086	1.28	0.915	0.971	0	0.967	1.121	0.963	1.06	1.546	1.384	1.339	1.548	1.266	1.467	1.634	1.577	1.64	1.519	1.818	1.402	1.581	1.405	1.23	1.411	1.556	1.598	1.513	1.484	1.739	1.628	1.593	1.46	1.668	1.734	1.498	1.449	1.516	1.466	1.654	1.539	1.533	1.451	1.495	1.537	1.69	1.608	1.62	1.419	1.438	1.695	1.508	1.377	1.559	1.464	1.571	1.458	1.471	1.491	1.563	1.746	1.521	1.587	1.548	1.524	1.526	1.545	1.514	1.743	1.742	1.566	1.699	1.498	1.682	1.579	1.628	1.625	1.761	1.753	1.611	1.473	1.525	1.591	1.54	1.543	1.543	1.751	1.59	1.487	1.618	1.468	1.459	1.449	1.757	1.641	1.518	1.734
"9"	0.878	0.838	1.098	0.795	1.092	0.756	0.705	0.967	0	0.903	0.832	0.843	1.175	1.03	0.903	1.174	0.999	1.123	1.272	1.249	1.18	1.094	1.453	0.991	1.132	1.055	0.982	1.14	1.254	1.207	1.152	1.024	1.237	1.119	1.173	1.067	1.273	1.209	1.131	1.07	1.172	1.267	1.354	1.251	1.186	1.208	1.183	1.237	1.358	1.412	1.307	1.174	1.177	1.364	1.134	1.125	1.117	1.161	1.273	1.108	1.206	1.153	1.254	1.327	1.182	1.182	1.216	1.199	1.116	1.349	1.26	1.451	1.432	1.316	1.378	1.159	1.324	1.14	1.19	1.187	1.334	1.34	1.217	1.162	1.087	1.168	1.221	1.142	1.116	1.36	1.237	1.119	1.183	1.127	1.09	1.112	1.383	1.242	1.074	1.298
"10"	0.873	0.843	1.186	0.926	1.143	1.04	0.936	1.121	0.903	0	0.801	0.826	1.079	0.877	0.908	1.045	1.048	1.123	1.055	1.204	1.15	0.999	1.193	0.928	1.017	1.089	1.025	1.101	1.251	1.154	1.113	1.112	1.243	1.229	1.157	1.056	1.359	1.283	1.173	0.987	1.09	1.099	1.205	1.104	1.132	1.148	1.099	1.106	1.202	1.291	1.221	1.111	1.141	1.255	1.149	1.181	1.198	1.136	1.342	1.141	1.183	1.151	1.262	1.275	1.103	1.239	1.325	1.26	1.146	1.434	1.364	1.399	1.436	1.318	1.362	1.162	1.308	1.344	1.163	1.342	1.276	1.193	1.145	1.322	1.189	1.095	1.1	1.19	1.118	1.154	1.157	1.138	1.248	1.124	1.148	1.125	1.294	1.288	1.182	1.307
"11"	0.934	0.919	1.122	0.907	1.077	0.916	0.943	0.963	0.832	0.801	0	0.716	1.128	1.061	0.951	1.081	0.962	1.058	1.184	1.209	1.225	1.025	1.352	1.02	1.09	1	0.993	1.145	1.22	1.198	1.095	1.111	1.269	1.199	1.149	1.055	1.278	1.275	1.154	1.092	1.09	1.166	1.237	1.21	1.26	1.128	1.185	1.181	1.31	1.363	1.236	1.218	1.133	1.296	1.135	1.114	1.156	1.122	1.294	1.07	1.166	1.159	1.249	1.289	1.151	1.233	1.319	1.278	1.204	1.44	1.255	1.536	1.502	1.357	1.406	1.169	1.372	1.273	1.304	1.327	1.309	1.312	1.138	1.227	1.092	1.083	1.177	1.155	1.095	1.263	1.226	1.171	1.221	1.117	1.172	1.129	1.4	1.276	1.195	1.377
"12"	0.849	0.911	1.092	0.893	0.986	0.973	0.956	1.06	0.843	0.826	0.716	0	1.039	0.904	0.906	1.043	0.942	1.036	1.024	1.092	1.157	1.056	1.32	0.954	1.134	1.016	0.939	1.167	1.215	1.214	1.135	1.122	1.308	1.216	1.168	1.027	1.39	1.312	1.2	1.051	1.039	1.09	1.14	1.157	1.181	1.064	1.118	1.095	1.303	1.298	1.138	1.207	1.121	1.265	1.114	1.19	1.158	1.193	1.353	1.061	1.118	1.164	1.276	1.31	1.115	1.258	1.402	1.362	1.152	1.556	1.32	1.533	1.52	1.419	1.444	1.102	1.371	1.27	1.275	1.344	1.326	1.292	1.155	1.229	1.021	1.134	1.111	1.103	1.08	1.182	1.216	1.16	1.182	1.08	1.124	1.088	1.334	1.211	1.174	1.429
"13"	1.325	1.32	1.596	1.129	1.149	1.232	1.203	1.546	1.175	1.079	1.128	1.039	0	0.883	0.866	0.962	1.218	1.193	1.086	0.97	1.137	1.039	1.048	1.022	1.13	1.068	1.209	1.175	1.287	1.174	1.13	1.042	1.157	1.211	1.043	1.042	1.251	1.057	1.168	1.033	0.969	1.197	1.104	1.229	1.368	1.285	1.348	1.259	1.317	1.468	1.39	1.391	1.292	1.28	1.311	1.353	1.24	1.341	1.519	1.287	1.308	1.346	1.369	1.305	1.098	1.272	1.527	1.502	1.186	1.597	1.476	1.629	1.619	1.487	1.425	1.126	1.527	1.39	1.335	1.349	1.396	1.202	1.231	1.528	1.264	1.197	1.27	1.212	1.151	1.196	1.213	1.268	1.278	1.18	1.38	1.237	1.261	1.226	1.162	1.226
"14"	1.177	1.148	1.491	0.94	1.158	1.145	1.093	1.384	1.03	0.877	1.061	0.904	0.883	0	0.788	1.029	1.149	1.22	1.096	1.165	1.212	1.078	1.213	1.011	1.158	1.151	1.153	1.208	1.328	1.217	1.217	1.106	1.309	1.269	1.11	1.02	1.388	1.194	1.204	1.034	1.17	1.186	1.248	1.254	1.282	1.3	1.306	1.264	1.428	1.378	1.34	1.322	1.338	1.38	1.315	1.361	1.26	1.33	1.503	1.311	1.356	1.338	1.379	1.387	1.163	1.331	1.459	1.441	1.215	1.557	1.417	1.563	1.53	1.429	1.472	1.205	1.496	1.412	1.288	1.401	1.436	1.308	1.266	1.439	1.212	1.226	1.212	1.241	1.196	1.196	1.209	1.245	1.286	1.181	1.251	1.234	1.355	1.227	1.185	1.284
"15"	1.128	1.107	1.478	0.849	1.097	1.068	0.969	1.339	0.903	0.908	0.951	0.906	0.866	0.788	0	0.819	1.014	1.005	1.061	1.039	0.981	0.904	1.178	0.883	1.028	0.997	1.045	1.112	1.224	1.143	0.993	0.951	1.072	1.031	0.912	0.846	1.157	0.99	1.038	0.909	0.978	1.141	1.142	1.142	1.196	1.184	1.158	1.163	1.245	1.366	1.258	1.269	1.192	1.242	1.199	1.214	1.105	1.167	1.35	1.219	1.23	1.223	1.269	1.216	1.078	1.19	1.331	1.304	1.036	1.445	1.379	1.491	1.49	1.346	1.348	1.069	1.387	1.253	1.129	1.19	1.218	1.182	1.114	1.325	1.064	1.075	1.139	1.073	0.991	1.118	1.139	1.104	1.11	1.014	1.147	1.094	1.192	1.084	1.018	1.097
"16"	1.325	1.218	1.626	1.103	1.088	1.361	1.299	1.548	1.174	1.045	1.081	1.043	0.962	1.029	0.819	0	1.039	0.988	0.946	0.956	1.1	0.957	1.063	1.008	1.084	1.022	1.198	1.132	1.227	1.201	1.065	1.108	1.114	1.271	0.942	0.901	1.239	1.154	1.174	0.957	0.912	1.127	1.045	1.094	1.346	1.183	1.255	1.197	1.267	1.383	1.158	1.289	1.245	1.191	1.28	1.379	1.237	1.266	1.418	1.313	1.285	1.31	1.354	1.252	1.161	1.262	1.542	1.447	1.129	1.686	1.499	1.61	1.567	1.426	1.381	1.103	1.49	1.409	1.282	1.318	1.163	1.186	1.106	1.417	1.154	1.117	1.132	1.126	1.104	1.06	1.295	1.247	1.204	1.03	1.317	1.243	1.283	1.139	1.17	1.2
"17"	1.153	0.944	1.291	0.971	1.11	1.095	1.081	1.266	0.999	1.048	0.962	0.942	1.218	1.149	1.014	1.039	0	0.824	1.046	1.116	1.002	1.003	1.273	0.995	1.142	0.866	0.921	0.931	1.04	1.063	0.971	0.975	1.216	1.125	1.02	0.955	1.171	1.258	0.979	0.968	1.075	1.037	1.177	1.029	1.179	0.984	1.078	1.099	1.121	1.098	1.019	1.028	1.022	1.163	1.079	1.074	1.06	1.092	1.044	1.068	1.122	1.073	1.105	1.197	1.129	1.073	1.213	1.119	0.979	1.358	1.201	1.281	1.219	1.102	1.17	0.916	1.294	1.148	1.139	1.22	1.09	1.148	0.973	1.015	0.974	0.967	0.945	0.928	0.995	1.05	1.073	0.978	0.991	0.836	0.923	0.99	1.253	1	1.052	1.175
"18"	1.248	1.04	1.457	1.115	1.04	1.22	1.198	1.467	1.123	1.123	1.058	1.036	1.193	1.22	1.005	0.988	0.824	0	1.021	1.018	0.94	0.983	1.119	1.022	0.998	0.901	1.116	0.987	1.077	1.109	1.013	1.083	1.078	1.117	0.959	0.862	1.111	1.132	1	0.968	0.999	1.025	1.15	1.031	1.282	1.063	1.141	1.195	1.189	1.273	1.144	1.284	1.166	1.169	1.133	1.174	1.07	1.205	1.121	1.125	1.17	1.132	1.193	1.14	1.066	1.083	1.279	1.253	1.008	1.447	1.236	1.382	1.371	1.237	1.233	1.018	1.303	1.146	1.197	1.228	1.141	1.08	1.024	1.238	1.038	0.946	1.087	0.989	1.05	1.092	1.099	1.156	1.107	0.936	1.106	1.15	1.342	0.932	1.046	1.101
"19"	1.252	1.22	1.521	1.309	1.224	1.475	1.391	1.634	1.272	1.055	1.184	1.024	1.086	1.096	1.061	0.946	1.046	1.021	0	0.943	1.023	0.978	0.922	0.987	1.067	1.078	1.198	1.103	1.139	1.112	1.086	1.112	1.233	1.277	1.16	1.085	1.44	1.279	1.209	0.988	0.974	0.976	0.929	0.98	1.215	1.035	1.094	1.031	1.109	1.194	0.973	1.21	1.115	1.068	1.157	1.342	1.148	1.256	1.372	1.145	1.143	1.174	1.228	1.138	1.095	1.207	1.5	1.468	1.094	1.672	1.41	1.46	1.395	1.404	1.344	1.018	1.365	1.365	1.234	1.434	1.163	1.072	1.083	1.34	1.068	1.07	0.991	1.063	1.051	0.873	1.09	1.125	1.142	1.056	1.158	1.1	1.14	1.117	1.199	1.343
"20"	1.286	1.354	1.577	1.246	1.073	1.434	1.345	1.577	1.249	1.204	1.209	1.092	0.97	1.165	1.039	0.956	1.116	1.018	0.943	0	1.076	1.068	0.94	1.038	1.166	1.127	1.312	1.145	1.26	1.224	1.101	1.196	1.146	1.309	1.055	1.085	1.387	1.197	1.209	1.061	0.983	1.074	0.969	1.074	1.365	1.187	1.24	1.186	1.324	1.413	1.24	1.449	1.288	1.181	1.317	1.429	1.218	1.403	1.456	1.212	1.208	1.316	1.345	1.242	1.15	1.214	1.537	1.508	1.09	1.724	1.532	1.63	1.593	1.51	1.358	1.007	1.502	1.385	1.358	1.351	1.307	1.106	1.143	1.47	1.154	1.178	1.179	1.115	1.139	1.092	1.229	1.295	1.245	1.013	1.248	1.163	1.2	1.003	1.151	1.34
"21"	1.389	1.222	1.611	1.19	1.391	1.36	1.22	1.64	1.18	1.15	1.225	1.157	1.137	1.212	0.981	1.1	1.002	0.94	1.023	1.076	0	0.786	1.029	0.889	0.984	0.932	1.138	0.98	1.037	0.907	0.902	0.871	0.878	0.898	0.963	1.067	1.018	0.953	0.864	0.876	0.961	1.092	1.066	1.051	1.076	0.975	0.958	1.036	0.946	1.227	1.14	1.194	1.098	1.02	1.019	1.054	0.944	1.085	1.1	1.022	1.1	1.074	0.991	0.94	0.948	0.883	1.129	1.067	0.869	1.296	1.216	1.149	1.161	1.172	1.002	0.923	1.167	1.021	0.965	1.02	0.975	0.901	0.862	1.14	0.978	0.832	0.967	0.912	0.905	0.952	0.963	0.891	0.964	0.925	0.951	0.913	1.092	1.011	0.917	0.961
"22"	1.288	1.139	1.536	1.129	1.347	1.246	1.138	1.519	1.094	0.999	1.025	1.056	1.039	1.078	0.904	0.957	1.003	0.983	0.978	1.068	0.786	0	0.909	0.773	0.834	0.767	0.983	0.943	1.031	0.871	0.817	0.803	0.794	0.827	0.87	0.922	0.999	0.826	0.864	0.824	0.885	1.097	0.956	1.09	1.042	0.986	0.942	1.046	0.94	1.241	1.146	1.131	0.983	0.981	0.994	0.977	0.902	0.89	1.105	0.987	0.986	0.966	1.022	0.821	0.911	0.926	1.176	0.969	0.898	1.322	1.254	1.233	1.208	1.214	1.073	0.975	1.1	1.12	0.938	1.019	0.91	0.839	0.814	1.076	0.953	0.797	0.933	0.866	0.715	0.82	0.962	0.903	0.854	0.919	0.974	0.931	1.065	1.132	0.868	0.97
"23"	1.512	1.43	1.75	1.457	1.365	1.604	1.485	1.818	1.453	1.193	1.352	1.32	1.048	1.213	1.178	1.063	1.273	1.119	0.922	0.94	1.029	0.909	0	0.978	0.989	1.089	1.323	1.07	1.226	1.084	1.064	1.139	1.078	1.248	1.123	1.154	1.328	1.126	1.201	0.993	1.007	1.029	0.963	1.094	1.311	1.21	1.197	1.208	1.156	1.374	1.287	1.383	1.267	1.161	1.294	1.373	1.157	1.27	1.4	1.238	1.216	1.221	1.233	1.08	1.029	1.093	1.448	1.409	1.077	1.635	1.49	1.474	1.462	1.449	1.284	1.074	1.359	1.427	1.255	1.362	1.22	0.954	1.036	1.472	1.283	1.063	1.137	1.142	1.097	0.933	1.093	1.248	1.213	1.109	1.315	1.249	1.213	1.223	1.157	1.184
"24"	1.184	1.045	1.363	1.019	1.248	1.144	1.024	1.402	0.991	0.928	1.02	0.954	1.022	1.011	0.883	1.008	0.995	1.022	0.987	1.038	0.889	0.773	0.978	0	0.832	0.781	0.828	0.923	1.044	0.912	0.821	0.848	0.922	0.879	0.992	1.019	1.091	0.925	0.915	0.755	0.87	0.995	0.997	1.012	0.883	0.938	0.882	0.952	0.993	1.209	1.058	1.03	0.99	1.035	0.983	1.064	0.862	0.991	1.138	0.937	0.982	1.009	1.041	1.036	0.794	0.984	1.069	1.047	0.765	1.331	1.225	1.278	1.267	1.207	1.152	0.942	1.111	1.082	0.895	1.023	1.085	0.968	0.869	1.121	0.96	0.841	0.958	0.904	0.795	0.969	0.965	0.928	0.934	0.887	0.938	0.924	1.071	1.118	0.893	1.01
"25"	1.258	1.117	1.471	1.265	1.359	1.295	1.202	1.581	1.132	1.017	1.09	1.134	1.13	1.158	1.028	1.084	1.142	0.998	1.067	1.166	0.984	0.834	0.989	0.832	0	0.83	1.01	0.992	1.102	0.964	0.868	0.967	0.887	0.945	0.999	1.011	1.096	0.953	0.93	0.928	0.9	1.038	1.063	0.98	1.093	1.066	1.025	1.106	1.038	1.373	1.191	1.184	1.047	1.025	1.029	1.005	0.877	0.983	1.145	0.97	1.011	1.023	1.093	0.952	0.935	1.025	1.174	1.126	0.967	1.37	1.189	1.311	1.309	1.233	1.193	1.048	1.102	1.077	1.05	1.116	1.093	0.908	0.968	1.188	1.002	0.813	1.036	0.962	0.838	1.031	0.965	1.017	1.094	1.006	1.1	1.09	1.195	1.138	0.996	1.018
"26"	1.291	1.053	1.35	1.086	1.229	1.092	1.109	1.405	1.055	1.089	1	1.016	1.068	1.151	0.997	1.022	0.866	0.901	1.078	1.127	0.932	0.767	1.089	0.781	0.83	0	0.743	0.749	0.823	0.856	0.701	0.865	0.925	0.881	0.904	0.971	0.914	0.991	0.763	0.86	0.811	0.929	0.998	0.979	1.066	0.897	0.96	1.026	0.979	1.189	1.045	1.006	0.933	0.914	0.934	0.929	0.784	0.846	0.941	0.841	0.975	0.875	0.922	0.952	0.839	0.875	1.032	0.922	0.885	1.207	0.998	1.236	1.213	1.017	1.102	0.9	1.124	0.962	1.003	0.985	1.016	1.021	0.841	0.999	0.926	0.821	0.924	0.821	0.759	0.997	0.97	0.91	0.955	0.837	1.024	0.957	1.234	1.064	0.904	0.995
"27"	1.167	1.026	1.127	1.055	1.279	1.029	0.977	1.23	0.982	1.025	0.993	0.939	1.209	1.153	1.045	1.198	0.921	1.116	1.198	1.312	1.138	0.983	1.323	0.828	1.01	0.743	0	0.9	0.971	0.927	0.885	0.924	1.214	1.01	1.127	1.133	1.226	1.224	0.956	0.974	0.992	0.979	1.153	1.055	0.949	0.939	0.942	0.953	1.051	1.098	1.063	0.899	0.884	1.112	0.897	0.911	0.919	0.91	1.037	0.901	0.97	0.887	0.976	1.154	0.97	1.055	1.102	1.047	1.02	1.223	1.029	1.264	1.221	1.004	1.23	0.946	1.139	1.102	1.064	1.153	1.183	1.201	1.023	0.968	1.019	1.007	1.018	0.955	0.862	1.151	0.985	0.899	1.017	0.966	1.036	0.966	1.231	1.301	1.022	1.246
"28"	1.326	1.131	1.377	1.188	1.311	1.192	1.142	1.411	1.14	1.101	1.145	1.167	1.175	1.208	1.112	1.132	0.931	0.987	1.103	1.145	0.98	0.943	1.07	0.923	0.992	0.749	0.9	0	0.637	0.748	0.886	0.947	1.109	1.109	1.102	1.149	1.111	1.186	0.862	0.931	0.978	0.94	1.085	1.029	1.125	1.004	1.061	1.06	1.027	1.035	1.135	1	0.987	1.036	1.04	0.995	0.99	0.995	1.074	1.001	1.032	0.92	0.899	1.04	0.935	0.921	1.082	1.053	0.95	1.008	0.989	1.073	1.095	0.95	1.039	0.94	1.159	1.125	1.09	1.134	1.118	1.017	0.973	1.122	1.128	0.959	1.003	1.004	0.992	1.097	0.951	0.956	1.076	0.962	1.094	1.068	1.252	1.162	0.998	1.066
"29"	1.455	1.285	1.452	1.315	1.407	1.316	1.313	1.556	1.254	1.251	1.22	1.215	1.287	1.328	1.224	1.227	1.04	1.077	1.139	1.26	1.037	1.031	1.226	1.044	1.102	0.823	0.971	0.637	0	0.718	0.98	1.049	1.206	1.156	1.203	1.256	1.207	1.253	0.977	1.095	1.072	1.053	1.137	1.066	1.19	1.009	1.099	1.116	1.043	0.996	1.083	1.086	1	1.026	1.033	1.019	1.033	1.052	1.133	1.007	1.06	1.002	0.946	1.021	1.033	1.003	1.164	1.166	1.098	1.095	0.946	1.132	1.115	1.006	1.096	0.993	1.183	1.133	1.16	1.253	1.175	1.15	1.054	1.122	1.13	1.025	1.053	1.055	1.023	1.141	1.035	0.987	1.114	1.053	1.132	1.085	1.287	1.217	1.149	1.247
"30"	1.41	1.266	1.512	1.228	1.395	1.308	1.218	1.598	1.207	1.154	1.198	1.214	1.174	1.217	1.143	1.201	1.063	1.109	1.112	1.224	0.907	0.871	1.084	0.912	0.964	0.856	0.927	0.748	0.718	0	0.933	0.874	1.087	1.004	1.092	1.186	1.176	1.094	0.923	0.997	1.036	1.032	1.072	1.079	0.997	0.964	0.987	0.981	0.95	0.961	1.089	1.033	0.986	0.993	0.982	0.952	0.989	0.975	1.135	0.995	1.041	0.977	0.885	0.923	0.88	0.858	1.081	1.114	0.981	1.061	0.941	1.017	1.013	0.971	1.004	0.947	1.128	1.079	1.043	1.151	1.077	1.003	0.932	1.06	1.074	0.916	0.997	1.003	0.915	0.998	0.826	0.874	1.013	1.011	1	0.949	1.066	1.149	0.982	1.132
"31"	1.316	1.181	1.417	1.194	1.333	1.212	1.161	1.513	1.152	1.113	1.095	1.135	1.13	1.217	0.993	1.065	0.971	1.013	1.086	1.101	0.902	0.817	1.064	0.821	0.868	0.701	0.885	0.886	0.98	0.933	0	0.797	0.889	0.776	0.928	0.992	1.011	0.962	0.819	0.744	0.747	0.868	0.977	0.844	0.914	0.819	0.797	0.86	0.844	1.131	0.937	0.958	0.829	0.873	0.819	0.963	0.74	0.801	0.947	0.798	0.957	0.794	0.867	0.908	0.808	0.8	1.022	0.937	0.8	1.266	1.11	1.188	1.202	1.003	1.024	0.776	1.06	0.982	0.94	0.978	0.898	0.915	0.753	0.993	0.882	0.757	0.876	0.742	0.619	0.854	0.88	0.861	0.849	0.81	0.987	0.788	1.064	1.114	0.875	1.042
"32"	1.296	1.139	1.485	1.073	1.338	1.107	1.034	1.484	1.024	1.112	1.111	1.122	1.042	1.106	0.951	1.108	0.975	1.083	1.112	1.196	0.871	0.803	1.139	0.848	0.967	0.865	0.924	0.947	1.049	0.874	0.797	0	0.899	0.767	0.953	1.019	1.043	0.882	0.767	0.761	0.88	1.049	0.995	1.028	0.917	0.934	0.913	0.963	0.935	1.123	1.093	0.959	0.936	0.984	0.83	0.883	0.884	0.897	1.045	0.888	0.986	0.905	0.921	0.884	0.871	0.847	1.041	0.992	0.835	1.146	1.086	1.055	1.08	1.027	0.976	0.811	1.037	0.941	0.898	0.895	0.99	0.953	0.876	0.988	0.926	0.863	0.949	0.889	0.736	0.978	0.835	0.826	0.838	0.885	0.93	0.868	1.03	1.157	0.813	1.025
"33"	1.46	1.271	1.727	1.284	1.4	1.36	1.279	1.739	1.237	1.243	1.269	1.308	1.157	1.309	1.072	1.114	1.216	1.078	1.233	1.146	0.878	0.794	1.078	0.922	0.887	0.925	1.214	1.109	1.206	1.087	0.889	0.899	0	0.781	0.832	0.983	0.807	0.744	0.832	0.845	0.913	1.226	1.08	1.12	1.087	1.091	1.05	1.214	1.113	1.492	1.298	1.359	1.199	1.079	1.086	1.103	0.883	1.029	1.095	1.058	1.099	1.099	1.149	0.945	0.941	0.961	1.151	1.023	0.817	1.407	1.348	1.344	1.352	1.307	1.113	1.07	1.153	1.069	1.017	0.885	0.979	0.865	0.865	1.215	1.025	0.803	1.043	0.895	0.877	1.052	1.14	1.08	0.986	0.935	1.082	1.03	1.178	1.094	0.808	0.896
"34"	1.363	1.183	1.539	1.168	1.448	1.185	1.124	1.628	1.119	1.229	1.199	1.216	1.211	1.269	1.031	1.271	1.125	1.117	1.277	1.309	0.898	0.827	1.248	0.879	0.945	0.881	1.01	1.109	1.156	1.004	0.776	0.767	0.781	0	0.949	1.02	0.93	0.794	0.812	0.861	0.965	1.176	1.212	1.092	0.939	1.004	0.917	1.044	0.974	1.332	1.181	1.202	1.032	1.04	0.863	0.931	0.773	0.913	1.011	0.917	1.06	0.937	1.045	0.938	0.911	0.833	0.976	0.898	0.866	1.274	1.186	1.198	1.228	1.165	1.096	0.978	1.039	0.907	0.877	0.872	0.952	0.973	0.872	1.038	0.864	0.791	0.983	0.854	0.689	1.007	0.996	0.95	0.855	0.978	0.972	0.893	1.142	1.142	0.817	1.002
"35"	1.359	1.183	1.627	1.132	1.153	1.269	1.241	1.593	1.173	1.157	1.149	1.168	1.043	1.11	0.912	0.942	1.02	0.959	1.16	1.055	0.963	0.87	1.123	0.992	0.999	0.904	1.127	1.102	1.203	1.092	0.928	0.953	0.832	0.949	0	0.759	0.958	0.872	0.825	0.899	0.944	1.113	1.086	1.085	1.177	1.093	1.119	1.219	1.217	1.381	1.203	1.316	1.191	1.153	1.191	1.117	0.984	1.109	1.103	1.163	1.145	1.183	1.228	1.057	0.998	1.06	1.258	1.122	0.938	1.475	1.298	1.428	1.363	1.22	1.141	0.986	1.292	1.12	1.088	1.053	1.028	0.983	0.923	1.175	0.99	0.884	0.961	0.881	0.922	1.046	1.103	1.039	1.005	0.829	1.087	1.018	1.15	0.906	0.885	0.916
"36"	1.199	1.081	1.539	1.044	1.011	1.173	1.195	1.46	1.067	1.056	1.055	1.027	1.042	1.02	0.846	0.901	0.955	0.862	1.085	1.085	1.067	0.922	1.154	1.019	1.011	0.971	1.133	1.149	1.256	1.186	0.992	1.019	0.983	1.02	0.759	0	1.055	0.995	0.983	0.81	0.902	1.031	1.128	1.023	1.227	1.11	1.133	1.199	1.251	1.368	1.178	1.275	1.194	1.254	1.167	1.215	1.056	1.181	1.216	1.203	1.22	1.202	1.3	1.214	1.038	1.167	1.377	1.263	1.001	1.494	1.361	1.505	1.454	1.322	1.333	1.043	1.357	1.216	1.161	1.183	1.129	1.137	1.021	1.237	1.006	0.921	1.022	0.968	0.965	1.042	1.146	1.158	1.093	0.918	1.128	1.114	1.272	0.96	1	1.062
"37"	1.587	1.317	1.735	1.243	1.455	1.26	1.307	1.668	1.273	1.359	1.278	1.39	1.251	1.388	1.157	1.239	1.171	1.111	1.44	1.387	1.018	0.999	1.328	1.091	1.096	0.914	1.226	1.111	1.207	1.176	1.011	1.043	0.807	0.93	0.958	1.055	0	0.89	0.789	1.015	1.078	1.333	1.346	1.308	1.289	1.235	1.281	1.417	1.282	1.596	1.486	1.422	1.33	1.271	1.271	1.113	0.989	1.14	1.116	1.216	1.29	1.235	1.167	1.153	1.05	1.037	1.115	1.024	0.981	1.271	1.282	1.431	1.416	1.276	1.236	1.238	1.314	1.074	1.168	0.936	1.143	1.173	1.006	1.279	1.169	0.926	1.165	1.057	1.082	1.289	1.279	1.166	1.147	1.082	1.195	1.187	1.459	1.184	0.957	0.812
"38"	1.487	1.342	1.771	1.285	1.462	1.3	1.229	1.734	1.209	1.283	1.275	1.312	1.057	1.194	0.99	1.154	1.258	1.132	1.279	1.197	0.953	0.826	1.126	0.925	0.953	0.991	1.224	1.186	1.253	1.094	0.962	0.882	0.744	0.794	0.872	0.995	0.89	0	0.869	0.896	1.006	1.292	1.174	1.208	1.189	1.23	1.159	1.305	1.201	1.525	1.411	1.416	1.266	1.221	1.178	1.123	1.003	1.139	1.223	1.16	1.192	1.239	1.217	1.021	1.016	1.046	1.217	1.136	0.972	1.377	1.35	1.424	1.362	1.33	1.219	1.124	1.231	1.127	1.036	0.99	1.19	1.024	1.013	1.306	1.139	0.937	1.168	1.023	0.903	1.172	1.105	1.059	1.053	1.117	1.176	1.139	1.232	1.182	0.943	0.935
"39"	1.37	1.153	1.503	1.157	1.356	1.164	1.14	1.498	1.131	1.173	1.154	1.2	1.168	1.204	1.038	1.174	0.979	1	1.209	1.209	0.864	0.864	1.201	0.915	0.93	0.763	0.956	0.862	0.977	0.923	0.819	0.767	0.832	0.812	0.825	0.983	0.789	0.869	0	0.852	0.923	1.055	1.082	1.014	1.009	0.946	0.963	1.102	1.021	1.239	1.213	1.111	1.048	0.969	0.989	0.859	0.859	0.924	0.924	0.913	1.023	0.945	0.926	0.894	0.849	0.837	0.951	0.88	0.818	1.045	0.981	1.086	1.069	0.951	0.941	0.904	1.011	0.897	0.92	0.846	0.984	0.879	0.852	1.019	0.934	0.751	0.865	0.835	0.789	1.062	0.889	0.856	0.926	0.836	0.917	0.908	1.158	0.989	0.799	0.844
"40"	1.19	1.041	1.439	1.038	1.191	1.166	1.052	1.449	1.07	0.987	1.092	1.051	1.033	1.034	0.909	0.957	0.968	0.968	0.988	1.061	0.876	0.824	0.993	0.755	0.928	0.86	0.974	0.931	1.095	0.997	0.744	0.761	0.845	0.861	0.899	0.81	1.015	0.896	0.852	0	0.775	0.85	0.942	0.838	0.9	0.828	0.831	0.905	0.983	1.13	0.997	1.04	0.982	1.025	0.889	1.05	0.833	0.899	1.046	0.924	1.009	0.938	1.009	1.009	0.808	0.89	1.11	1.051	0.689	1.288	1.202	1.202	1.168	1.126	1.05	0.785	1.111	1.051	0.912	0.941	0.99	0.924	0.792	1.11	0.915	0.761	0.847	0.793	0.77	0.881	0.922	0.923	0.879	0.801	0.962	0.865	1.102	1.064	0.844	0.976
"41"	1.268	1.17	1.417	1.194	1.181	1.228	1.208	1.516	1.172	1.09	1.09	1.039	0.969	1.17	0.978	0.912	1.075	0.999	0.974	0.983	0.961	0.885	1.007	0.87	0.9	0.811	0.992	0.978	1.072	1.036	0.747	0.88	0.913	0.965	0.944	0.902	1.078	1.006	0.923	0.775	0	0.825	0.778	0.775	1.028	0.865	0.911	0.858	0.924	1.216	0.99	1.06	0.926	0.898	0.906	1.041	0.915	0.989	1.128	0.94	0.951	0.966	1.078	0.997	0.878	1.019	1.275	1.181	0.882	1.415	1.236	1.349	1.344	1.23	1.158	0.845	1.151	1.065	1.065	1.07	0.988	0.968	0.894	1.176	0.96	0.879	0.964	0.925	0.777	0.918	1.042	1.029	0.956	0.852	1.111	0.984	1.052	1.107	0.943	1.096
"42"	1.229	1.205	1.334	1.278	1.155	1.321	1.333	1.466	1.267	1.099	1.166	1.09	1.197	1.186	1.141	1.127	1.037	1.025	0.976	1.074	1.092	1.097	1.029	0.995	1.038	0.929	0.979	0.94	1.053	1.032	0.868	1.049	1.226	1.176	1.113	1.031	1.333	1.292	1.055	0.85	0.825	0	0.857	0.686	1.049	0.809	0.911	0.812	0.987	0.949	0.881	0.991	0.923	0.969	0.95	1.087	0.992	1.031	1.093	0.937	1.024	0.973	1.017	1.098	0.888	1.006	1.237	1.277	1.004	1.381	1.076	1.239	1.276	1.076	1.155	0.747	1.211	1.133	1.178	1.285	1.166	1.095	0.975	1.147	1.045	1.003	0.919	0.986	0.922	0.96	0.902	1.056	1.084	0.878	1.114	1.013	1.146	1.128	1.087	1.3
"43"	1.354	1.359	1.541	1.349	1.248	1.441	1.422	1.654	1.354	1.205	1.237	1.14	1.104	1.248	1.142	1.045	1.177	1.15	0.929	0.969	1.066	0.956	0.963	0.997	1.063	0.998	1.153	1.085	1.137	1.072	0.977	0.995	1.08	1.212	1.086	1.128	1.346	1.174	1.082	0.942	0.778	0.857	0	0.914	1.157	0.891	0.968	0.911	0.998	1.147	0.981	1.137	1.005	0.89	1.05	1.171	1.045	1.108	1.199	0.965	0.968	1.09	1.12	1.008	0.991	1.117	1.4	1.365	1.005	1.537	1.274	1.386	1.347	1.315	1.181	0.868	1.26	1.225	1.203	1.235	1.103	1.011	1	1.203	1.082	1.053	0.99	1.012	0.921	0.931	1.049	1.074	1.056	0.878	1.194	1.043	1.031	1.168	1.065	1.341
"44"	1.239	1.162	1.342	1.323	1.211	1.358	1.288	1.539	1.251	1.104	1.21	1.157	1.229	1.254	1.142	1.094	1.029	1.031	0.98	1.074	1.051	1.09	1.094	1.012	0.98	0.979	1.055	1.029	1.066	1.079	0.844	1.028	1.12	1.092	1.085	1.023	1.308	1.208	1.014	0.838	0.775	0.686	0.914	0	1.026	0.776	0.838	0.806	0.879	0.984	0.796	1.011	0.889	0.915	0.898	1.057	0.973	1.003	1.022	0.906	0.959	0.962	1.008	0.991	0.932	0.999	1.218	1.231	0.941	1.448	1.159	1.222	1.195	1.069	1.084	0.769	1.142	1.056	1.09	1.249	1.062	0.966	0.937	1.123	0.943	0.909	0.822	0.884	0.857	0.93	0.912	0.991	0.996	0.822	1	0.934	1.016	1.054	1.082	1.234
"45"	1.256	1.179	1.399	1.241	1.447	1.276	1.16	1.533	1.186	1.132	1.26	1.181	1.368	1.282	1.196	1.346	1.179	1.282	1.215	1.365	1.076	1.042	1.311	0.883	1.093	1.066	0.949	1.125	1.19	0.997	0.914	0.917	1.087	0.939	1.177	1.227	1.289	1.189	1.009	0.9	1.028	1.049	1.157	1.026	0	0.808	0.805	0.854	0.993	1.144	1.037	0.991	0.994	1.083	0.848	1.018	0.943	0.9	1.028	0.887	0.978	0.878	0.965	1.053	0.858	0.909	0.975	0.972	0.836	1.244	1.139	1.086	1.079	1.059	1.082	0.942	1.022	1.05	0.897	1.048	1.09	1.049	0.933	0.933	0.989	0.891	0.924	0.957	0.856	1.046	0.928	0.908	0.896	0.975	0.869	0.809	1.073	1.238	0.936	1.215
"46"	1.211	1.131	1.278	1.226	1.293	1.278	1.256	1.451	1.208	1.148	1.128	1.064	1.285	1.3	1.184	1.183	0.984	1.063	1.035	1.187	0.975	0.986	1.21	0.938	1.066	0.897	0.939	1.004	1.009	0.964	0.819	0.934	1.091	1.004	1.093	1.11	1.235	1.23	0.946	0.828	0.865	0.809	0.891	0.776	0.808	0	0.681	0.687	0.839	0.926	0.725	0.902	0.762	0.868	0.777	0.961	0.885	0.835	0.91	0.778	0.822	0.804	0.896	0.971	0.835	0.876	1.085	1.047	0.852	1.326	1.029	1.132	1.104	1.031	0.981	0.778	1.091	0.998	1.019	1.116	0.956	0.989	0.802	0.871	0.813	0.841	0.717	0.764	0.776	0.846	0.897	0.818	0.84	0.746	0.858	0.743	1.04	1.112	0.986	1.251
"47"	1.197	1.108	1.284	1.273	1.408	1.296	1.208	1.495	1.183	1.099	1.185	1.118	1.348	1.306	1.158	1.255	1.078	1.141	1.094	1.24	0.958	0.942	1.197	0.882	1.025	0.96	0.942	1.061	1.099	0.987	0.797	0.913	1.05	0.917	1.119	1.133	1.281	1.159	0.963	0.831	0.911	0.911	0.968	0.838	0.805	0.681	0	0.703	0.732	0.98	0.884	0.925	0.758	0.891	0.78	0.943	0.948	0.819	0.907	0.809	0.859	0.824	0.966	0.97	0.954	0.944	1.107	1.024	0.876	1.327	1.166	1.057	1.067	1.095	1.017	0.839	0.994	1.043	0.929	1.12	0.936	0.952	0.835	0.908	0.91	0.861	0.86	0.819	0.736	0.854	0.888	0.79	0.814	0.91	0.869	0.783	0.961	1.221	0.999	1.257
"48"	1.223	1.206	1.284	1.269	1.364	1.347	1.276	1.537	1.237	1.106	1.181	1.095	1.259	1.264	1.163	1.197	1.099	1.195	1.031	1.186	1.036	1.046	1.208	0.952	1.106	1.026	0.953	1.06	1.116	0.981	0.86	0.963	1.214	1.044	1.219	1.199	1.417	1.305	1.102	0.905	0.858	0.812	0.911	0.806	0.854	0.687	0.703	0	0.795	0.896	0.766	0.92	0.801	0.839	0.787	1.05	1.029	0.924	1.079	0.889	0.922	0.888	1.044	1.062	0.967	1.003	1.232	1.207	0.956	1.395	1.153	1.172	1.185	1.119	1.069	0.796	1.163	1.129	1.09	1.243	1.006	1.011	0.931	1.057	0.955	0.995	0.874	0.925	0.816	0.857	0.954	0.962	0.917	0.934	0.997	0.878	0.981	1.236	1.104	1.374
"49"	1.432	1.271	1.486	1.427	1.554	1.451	1.381	1.69	1.358	1.202	1.31	1.303	1.317	1.428	1.245	1.267	1.121	1.189	1.109	1.324	0.946	0.94	1.156	0.993	1.038	0.979	1.051	1.027	1.043	0.95	0.844	0.935	1.113	0.974	1.217	1.251	1.282	1.201	1.021	0.983	0.924	0.987	0.998	0.879	0.993	0.839	0.732	0.795	0	0.957	0.921	0.913	0.749	0.843	0.862	0.959	1.028	0.893	0.982	0.894	0.959	0.914	0.963	0.92	1.006	0.968	1.161	1.06	0.996	1.317	1.218	1.04	1.075	1.073	1.016	0.892	1.01	1.081	0.932	1.192	0.941	0.956	0.883	1.041	1.074	0.911	0.934	0.976	0.819	0.858	0.859	0.867	0.907	0.998	1.019	0.967	0.977	1.33	1.107	1.246
"50"	1.43	1.336	1.438	1.397	1.45	1.45	1.416	1.608	1.412	1.291	1.363	1.298	1.468	1.378	1.366	1.383	1.098	1.273	1.194	1.413	1.227	1.241	1.374	1.209	1.373	1.189	1.098	1.035	0.996	0.961	1.131	1.123	1.492	1.332	1.381	1.368	1.596	1.525	1.239	1.13	1.216	0.949	1.147	0.984	1.144	0.926	0.98	0.896	0.957	0	0.898	0.937	0.968	1.096	1.047	1.15	1.264	1.131	1.184	1.121	1.168	1.093	1.046	1.183	1.149	1.142	1.318	1.352	1.182	1.33	1.102	1.02	1.1	1.022	1.102	0.938	1.287	1.282	1.247	1.483	1.223	1.246	1.139	1.105	1.212	1.215	1.041	1.167	1.105	1.08	0.951	1.048	1.088	1.078	1.088	1.08	1.146	1.362	1.281	1.528
"51"	1.347	1.263	1.404	1.324	1.304	1.454	1.441	1.62	1.307	1.221	1.236	1.138	1.39	1.34	1.258	1.158	1.019	1.144	0.973	1.24	1.14	1.146	1.287	1.058	1.191	1.045	1.063	1.135	1.083	1.089	0.937	1.093	1.298	1.181	1.203	1.178	1.486	1.411	1.213	0.997	0.99	0.881	0.981	0.796	1.037	0.725	0.884	0.766	0.921	0.898	0	0.948	0.89	0.97	0.931	1.196	1.037	1.063	1.088	0.928	1.05	1.02	1.05	1.121	1.026	1.074	1.273	1.287	1.016	1.571	1.207	1.29	1.246	1.122	1.181	0.882	1.227	1.165	1.143	1.336	1.003	1.177	0.958	1.015	0.896	0.994	0.81	0.915	0.935	0.88	1.042	0.997	0.989	0.869	0.996	0.918	1.087	1.196	1.178	1.445
"52"	1.316	1.157	1.316	1.263	1.468	1.241	1.237	1.419	1.174	1.111	1.218	1.207	1.391	1.322	1.269	1.289	1.028	1.284	1.21	1.449	1.194	1.131	1.383	1.03	1.184	1.006	0.899	1	1.086	1.033	0.958	0.959	1.359	1.202	1.316	1.275	1.422	1.416	1.111	1.04	1.06	0.991	1.137	1.011	0.991	0.902	0.925	0.92	0.913	0.937	0.948	0	0.817	1.031	0.918	1.009	1.126	0.965	1.095	0.976	1.058	0.923	0.961	1.151	1.122	1.079	1.211	1.125	1.096	1.254	1.131	1.077	1.074	0.975	1.127	0.977	1.107	1.16	1.1	1.275	1.14	1.195	1.076	0.967	1.126	1.117	1.01	1.078	0.953	1.111	0.979	0.897	1.039	1.036	1.058	1.022	1.162	1.424	1.166	1.346
"53"	1.255	1.143	1.252	1.303	1.423	1.283	1.235	1.438	1.177	1.141	1.133	1.121	1.292	1.338	1.192	1.245	1.022	1.166	1.115	1.288	1.098	0.983	1.267	0.99	1.047	0.933	0.884	0.987	1	0.986	0.829	0.936	1.199	1.032	1.191	1.194	1.33	1.266	1.048	0.982	0.926	0.923	1.005	0.889	0.994	0.762	0.758	0.801	0.749	0.968	0.89	0.817	0	0.859	0.772	0.875	0.982	0.8	0.984	0.815	0.771	0.779	0.974	0.99	1.041	1.019	1.203	1.126	1.046	1.34	1.142	1.158	1.108	1.097	1.093	0.86	1.02	1.093	1.029	1.217	0.989	1.04	0.962	0.926	0.938	0.969	0.951	0.877	0.747	0.959	0.885	0.776	0.866	0.999	1.028	0.915	1.018	1.324	1.155	1.359
"54"	1.446	1.333	1.542	1.386	1.476	1.468	1.435	1.695	1.364	1.255	1.296	1.265	1.28	1.38	1.242	1.191	1.163	1.169	1.068	1.181	1.02	0.981	1.161	1.035	1.025	0.914	1.112	1.036	1.026	0.993	0.873	0.984	1.079	1.04	1.153	1.254	1.271	1.221	0.969	1.025	0.898	0.969	0.89	0.915	1.083	0.868	0.891	0.839	0.843	1.096	0.97	1.031	0.859	0	0.868	0.999	0.976	0.929	1.095	0.854	0.962	0.925	1.035	0.873	1.01	0.987	1.237	1.187	0.997	1.376	1.13	1.12	1.135	1.153	0.991	0.85	1.038	1.08	1.053	1.166	0.957	0.89	0.924	1.141	0.989	1.016	0.898	0.961	0.806	0.903	0.987	0.977	1.004	0.974	1.061	0.989	1.099	1.185	1.081	1.303
"55"	1.277	1.166	1.352	1.27	1.446	1.257	1.199	1.508	1.134	1.149	1.135	1.114	1.311	1.315	1.199	1.28	1.079	1.133	1.157	1.317	1.019	0.994	1.294	0.983	1.029	0.934	0.897	1.04	1.033	0.982	0.819	0.83	1.086	0.863	1.191	1.167	1.271	1.178	0.989	0.889	0.906	0.95	1.05	0.898	0.848	0.777	0.78	0.787	0.862	1.047	0.931	0.918	0.772	0.868	0	0.868	0.855	0.801	0.98	0.707	0.913	0.722	0.925	0.934	0.953	0.901	1.087	1.029	0.97	1.269	1.04	1.075	1.086	1.051	1.025	0.786	0.979	0.959	1.008	1.082	0.986	1.02	0.936	0.945	0.895	0.892	0.931	0.895	0.74	0.995	0.911	0.865	0.906	0.991	0.969	0.893	1.14	1.261	1.038	1.318
"56"	1.267	1.127	1.285	1.263	1.464	1.173	1.119	1.377	1.125	1.181	1.114	1.19	1.353	1.361	1.214	1.379	1.074	1.174	1.342	1.429	1.054	0.977	1.373	1.064	1.005	0.929	0.911	0.995	1.019	0.952	0.963	0.883	1.103	0.931	1.117	1.215	1.113	1.123	0.859	1.05	1.041	1.087	1.171	1.057	1.018	0.961	0.943	1.05	0.959	1.15	1.196	1.009	0.875	0.999	0.868	0	0.912	0.796	0.883	0.865	0.923	0.918	0.923	0.875	0.992	0.95	0.997	0.915	1.049	1.008	0.933	1.013	0.972	0.951	0.962	0.95	0.992	0.913	1.025	1.077	1.126	1.042	1.007	0.945	1.053	0.946	0.96	0.996	0.862	1.182	0.948	0.819	1.005	1.02	0.99	0.994	1.207	1.281	1.011	1.148
"57"	1.334	1.195	1.451	1.215	1.344	1.258	1.186	1.559	1.117	1.198	1.156	1.158	1.24	1.26	1.105	1.237	1.06	1.07	1.148	1.218	0.944	0.902	1.157	0.862	0.877	0.784	0.919	0.99	1.033	0.989	0.74	0.884	0.883	0.773	0.984	1.056	0.989	1.003	0.859	0.833	0.915	0.992	1.045	0.973	0.943	0.885	0.948	1.029	1.028	1.264	1.037	1.126	0.982	0.976	0.855	0.912	0	0.847	0.953	0.761	0.95	0.834	0.851	0.903	0.762	0.788	0.93	0.955	0.843	1.26	1.043	1.267	1.167	1.101	1.091	0.893	1.037	0.866	0.937	0.936	1.008	0.981	0.826	0.989	0.799	0.745	0.833	0.752	0.768	1	0.911	0.898	0.957	0.852	0.972	0.825	1.186	1.055	0.795	1.033
"58"	1.29	1.152	1.336	1.244	1.489	1.243	1.165	1.464	1.161	1.136	1.122	1.193	1.341	1.33	1.167	1.266	1.092	1.205	1.256	1.403	1.085	0.89	1.27	0.991	0.983	0.846	0.91	0.995	1.052	0.975	0.801	0.897	1.029	0.913	1.109	1.181	1.14	1.139	0.924	0.899	0.989	1.031	1.108	1.003	0.9	0.835	0.819	0.924	0.893	1.131	1.063	0.965	0.8	0.929	0.801	0.796	0.847	0	0.839	0.8	0.859	0.754	0.899	0.889	0.956	0.884	0.991	0.876	0.951	1.159	1.061	1.064	1.018	1.021	0.942	0.926	0.969	1.025	0.953	1.043	0.958	0.998	0.871	0.881	0.978	0.903	0.841	0.872	0.76	1.011	0.978	0.828	0.886	0.969	0.979	0.907	1.191	1.332	1.016	1.198
"59"	1.427	1.197	1.418	1.375	1.463	1.32	1.323	1.571	1.273	1.342	1.294	1.353	1.519	1.503	1.35	1.418	1.044	1.121	1.372	1.456	1.1	1.105	1.4	1.138	1.145	0.941	1.037	1.074	1.133	1.135	0.947	1.045	1.095	1.011	1.103	1.216	1.116	1.223	0.924	1.046	1.128	1.093	1.199	1.022	1.028	0.91	0.907	1.079	0.982	1.184	1.088	1.095	0.984	1.095	0.98	0.883	0.953	0.839	0	0.874	0.958	0.922	0.947	1.022	1.054	0.936	0.892	0.819	0.945	1.222	1.072	1.089	1.038	0.925	0.949	0.961	1.055	0.935	1.021	1.037	0.983	1.062	0.931	0.785	1.064	0.917	0.918	0.885	0.937	1.13	1.041	0.934	0.884	0.897	0.972	1.021	1.256	1.233	1.023	1.181
"60"	1.247	1.15	1.292	1.262	1.377	1.238	1.206	1.458	1.108	1.141	1.07	1.061	1.287	1.311	1.219	1.313	1.068	1.125	1.145	1.212	1.022	0.987	1.238	0.937	0.97	0.841	0.901	1.001	1.007	0.995	0.798	0.888	1.058	0.917	1.163	1.203	1.216	1.16	0.913	0.924	0.94	0.937	0.965	0.906	0.887	0.778	0.809	0.889	0.894	1.121	0.928	0.976	0.815	0.854	0.707	0.865	0.761	0.8	0.874	0	0.806	0.738	0.773	0.854	0.839	0.851	0.923	0.948	0.907	1.239	0.966	1.083	1.088	1.012	1.052	0.827	0.919	0.89	0.941	0.993	1.051	1.003	0.839	0.884	0.851	0.838	0.853	0.875	0.764	1.015	0.872	0.847	0.961	0.916	0.947	0.837	1.196	1.203	1.016	1.307
"61"	1.252	1.191	1.285	1.359	1.404	1.337	1.25	1.471	1.206	1.183	1.166	1.118	1.308	1.356	1.23	1.285	1.122	1.17	1.143	1.208	1.1	0.986	1.216	0.982	1.011	0.975	0.97	1.032	1.06	1.041	0.957	0.986	1.099	1.06	1.145	1.22	1.29	1.192	1.023	1.009	0.951	1.024	0.968	0.959	0.978	0.822	0.859	0.922	0.959	1.168	1.05	1.058	0.771	0.962	0.913	0.923	0.95	0.859	0.958	0.806	0	0.809	0.99	0.915	0.978	1.006	1.163	1.124	0.949	1.353	1.16	1.245	1.18	1.161	1.074	0.904	0.996	1.052	1.009	1.094	1.014	0.954	0.979	0.95	0.97	0.945	0.901	0.843	0.84	0.985	0.991	0.889	0.926	0.94	1.027	0.893	1.094	1.266	1.051	1.316
"62"	1.28	1.13	1.314	1.295	1.428	1.239	1.178	1.491	1.153	1.151	1.159	1.164	1.346	1.338	1.223	1.31	1.073	1.132	1.174	1.316	1.074	0.966	1.221	1.009	1.023	0.875	0.887	0.92	1.002	0.977	0.794	0.905	1.099	0.937	1.183	1.202	1.235	1.239	0.945	0.938	0.966	0.973	1.09	0.962	0.878	0.804	0.824	0.888	0.914	1.093	1.02	0.923	0.779	0.925	0.722	0.918	0.834	0.754	0.922	0.738	0.809	0	0.802	0.897	0.91	0.793	0.991	0.985	0.919	1.229	1.038	1.075	1.091	1.023	1.055	0.878	0.867	0.939	0.917	1.035	0.902	0.901	0.882	0.893	0.887	0.872	0.889	0.81	0.776	0.949	0.845	0.85	0.859	0.936	0.969	0.816	1.121	1.24	0.957	1.235
"63"	1.457	1.324	1.484	1.32	1.484	1.342	1.278	1.563	1.254	1.262	1.249	1.276	1.369	1.379	1.269	1.354	1.105	1.193	1.228	1.345	0.991	1.022	1.233	1.041	1.093	0.922	0.976	0.899	0.946	0.885	0.867	0.921	1.149	1.045	1.228	1.3	1.167	1.217	0.926	1.009	1.078	1.017	1.12	1.008	0.965	0.896	0.966	1.044	0.963	1.046	1.05	0.961	0.974	1.035	0.925	0.923	0.851	0.899	0.947	0.773	0.99	0.802	0	0.832	0.78	0.704	0.829	0.972	0.919	1.089	0.934	0.981	0.972	0.875	1.007	0.975	0.992	0.932	0.983	1.05	1.056	1.037	0.889	0.897	0.985	0.872	0.877	0.944	0.917	1.061	0.813	0.811	0.989	0.948	0.957	0.883	1.168	1.251	0.97	1.166
"64"	1.503	1.373	1.644	1.435	1.537	1.472	1.352	1.746	1.327	1.275	1.289	1.31	1.305	1.387	1.216	1.252	1.197	1.14	1.138	1.242	0.94	0.821	1.08	1.036	0.952	0.952	1.154	1.04	1.021	0.923	0.908	0.884	0.945	0.938	1.057	1.214	1.153	1.021	0.894	1.009	0.997	1.098	1.008	0.991	1.053	0.971	0.97	1.062	0.92	1.183	1.121	1.151	0.99	0.873	0.934	0.875	0.903	0.889	1.022	0.854	0.915	0.897	0.832	0	0.904	0.836	1.038	1.015	0.944	1.266	1.119	1.03	1.023	1.104	0.932	0.95	0.918	0.896	0.914	1.018	0.926	0.751	0.871	0.992	0.944	0.836	0.898	0.901	0.772	0.937	0.862	0.862	0.876	0.965	0.989	0.958	1.043	1.178	0.984	1.134
"65"	1.319	1.222	1.467	1.178	1.24	1.271	1.209	1.521	1.182	1.103	1.151	1.115	1.098	1.163	1.078	1.161	1.129	1.066	1.095	1.15	0.948	0.911	1.029	0.794	0.935	0.839	0.97	0.935	1.033	0.88	0.808	0.871	0.941	0.911	0.998	1.038	1.05	1.016	0.849	0.808	0.878	0.888	0.991	0.932	0.858	0.835	0.954	0.967	1.006	1.149	1.026	1.122	1.041	1.01	0.953	0.992	0.762	0.956	1.054	0.839	0.978	0.91	0.78	0.904	0	0.744	0.896	1.048	0.758	1.233	1.029	1.194	1.215	1.05	1.079	0.916	1.105	0.94	0.967	0.978	1.043	0.935	0.798	1.076	0.911	0.753	0.786	0.874	0.848	0.961	0.821	0.938	0.992	0.82	0.966	0.868	1.099	1.039	0.81	1.016
"66"	1.396	1.247	1.507	1.225	1.38	1.275	1.207	1.587	1.182	1.239	1.233	1.258	1.272	1.331	1.19	1.262	1.073	1.083	1.207	1.214	0.883	0.926	1.093	0.984	1.025	0.875	1.055	0.921	1.003	0.858	0.8	0.847	0.961	0.833	1.06	1.167	1.037	1.046	0.837	0.89	1.019	1.006	1.117	0.999	0.909	0.876	0.944	1.003	0.968	1.142	1.074	1.079	1.019	0.987	0.901	0.95	0.788	0.884	0.936	0.851	1.006	0.793	0.704	0.836	0.744	0	0.806	0.892	0.764	1.119	0.981	1.031	1.031	0.914	0.865	0.851	0.952	0.829	0.909	0.888	0.908	0.901	0.751	0.932	0.914	0.796	0.851	0.807	0.834	0.953	0.811	0.878	0.881	0.861	0.901	0.803	1.079	1.028	0.775	1.046
