"V1"	"V2"	"V3"	"V4"	"V5"	"V6"	"V7"	"V8"	"V9"	"V10"	"V11"	"V12"	"V13"	"V14"	"V15"	"V16"	"V17"	"V18"	"V19"	"V20"	"V21"	"V22"	"V23"	"V24"	"V25"	"V26"	"V27"	"V28"	"V29"	"V30"	"V31"	"V32"	"V33"	"V34"	"V35"	"V36"	"V37"	"V38"	"V39"	"V40"	"V41"	"V42"	"V43"	"V44"	"V45"	"V46"	"V47"	"V48"	"V49"	"V50"	"V51"	"V52"	"V53"	"V54"	"V55"	"V56"	"V57"	"V58"	"V59"	"V60"	"V61"	"V62"	"V63"	"V64"	"V65"	"V66"	"V67"	"V68"	"V69"	"V70"	"V71"	"V72"	"V73"	"V74"	"V75"	"V76"	"V77"	"V78"	"V79"	"V80"	"V81"	"V82"	"V83"	"V84"	"V85"	"V86"	"V87"	"V88"	"V89"	"V90"	"V91"	"V92"	"V93"	"V94"	"V95"	"V96"	"V97"	"V98"	"V99"	"V100"
"1"	0	0.778	0.744	0.73	0.711	0.677	0.811	0.817	0.798	0.707	0.888	0.715	0.7	0.735	1.063	0.971	1.015	1.036	0.873	0.954	0.953	0.948	1.095	0.884	0.883	1.179	0.991	1.087	1.268	1.353	1.84	1.578	1.573	1.748	1.949	1.578	1.647	1.687	1.462	1.361	1.702	1.599	1.607	1.896	1.501	1.462	1.423	1.539	1.42	1.462	1.584	1.498	1.327	1.518	1.732	1.585	1.578	1.736	1.805	1.767	1.257	1.229	1.636	1.972	1.809	1.722	1.796	1.815	1.577	1.489	1.82	1.638	1.616	1.775	1.559	1.583	1.674	1.585	2.051	1.77	1.545	1.494	1.568	1.497	1.702	1.749	1.672	1.48	1.698	1.572	1.882	1.66	1.708	1.973	1.585	1.708	1.599	1.727	1.824	1.617
"2"	0.778	0	0.752	0.673	0.768	0.702	0.87	0.941	0.978	0.812	0.832	0.628	0.931	0.693	0.899	0.822	0.955	1.024	0.938	1.017	0.916	0.899	1.117	1.001	1.036	1.121	1.032	1.19	1.166	1.393	1.946	1.551	1.573	1.717	2.034	1.666	1.7	1.772	1.418	1.451	1.72	1.658	1.59	1.946	1.472	1.524	1.551	1.478	1.413	1.366	1.511	1.523	1.41	1.558	1.753	1.597	1.548	1.745	1.777	1.755	1.385	1.128	1.656	1.816	1.749	1.711	1.766	1.79	1.644	1.614	2.003	1.773	1.757	1.907	1.604	1.708	1.865	1.698	2.229	1.862	1.687	1.592	1.587	1.625	1.718	1.793	1.785	1.519	1.798	1.766	1.965	1.805	1.788	2.09	1.677	1.823	1.808	1.881	1.957	1.708
"3"	0.744	0.752	0	0.807	0.691	0.705	0.977	0.846	0.772	0.732	0.652	0.767	0.839	0.701	0.757	0.837	0.955	1.013	0.981	0.869	0.935	0.904	1.074	0.926	0.876	1.121	0.906	1.054	1.136	1.255	1.751	1.499	1.579	1.623	2.007	1.616	1.55	1.696	1.37	1.381	1.633	1.582	1.526	1.799	1.44	1.371	1.415	1.375	1.375	1.391	1.569	1.488	1.381	1.463	1.649	1.412	1.466	1.654	1.676	1.697	1.337	1.071	1.595	1.888	1.649	1.634	1.757	1.779	1.483	1.471	1.904	1.629	1.608	1.726	1.545	1.632	1.732	1.521	2.15	1.686	1.626	1.523	1.476	1.551	1.628	1.661	1.626	1.398	1.646	1.59	1.835	1.65	1.694	2.019	1.526	1.673	1.609	1.788	1.829	1.57
"4"	0.73	0.673	0.807	0	0.742	0.769	0.886	0.904	0.984	0.925	0.929	0.638	0.895	0.708	0.948	0.907	0.95	1.028	0.963	1.095	0.964	0.847	1.126	0.968	0.932	1.125	1.036	1.084	1.124	1.402	1.952	1.611	1.582	1.721	2.025	1.628	1.66	1.781	1.486	1.434	1.702	1.636	1.615	1.994	1.495	1.566	1.508	1.488	1.424	1.399	1.526	1.552	1.33	1.595	1.752	1.555	1.587	1.741	1.771	1.774	1.286	1.16	1.597	1.869	1.766	1.701	1.747	1.696	1.552	1.444	1.876	1.667	1.633	1.741	1.492	1.557	1.695	1.582	2.105	1.752	1.545	1.479	1.473	1.452	1.623	1.657	1.651	1.44	1.709	1.672	1.912	1.686	1.693	2.007	1.563	1.709	1.634	1.788	1.868	1.643
"5"	0.711	0.768	0.691	0.742	0	0.713	0.697	0.851	0.82	0.796	0.784	0.704	0.851	0.676	0.916	0.88	0.936	1.033	0.85	0.925	0.907	0.888	1.067	0.902	0.914	1.099	0.899	1.061	1.232	1.343	1.797	1.556	1.541	1.677	1.911	1.503	1.585	1.696	1.406	1.354	1.619	1.559	1.528	1.835	1.485	1.423	1.413	1.446	1.405	1.418	1.518	1.457	1.355	1.502	1.665	1.505	1.509	1.667	1.711	1.708	1.207	1.167	1.539	1.847	1.723	1.635	1.684	1.754	1.505	1.422	1.785	1.576	1.547	1.71	1.497	1.522	1.656	1.456	1.997	1.672	1.489	1.432	1.419	1.446	1.522	1.592	1.562	1.348	1.611	1.553	1.777	1.616	1.584	1.909	1.527	1.62	1.55	1.718	1.751	1.506
"6"	0.677	0.702	0.705	0.769	0.713	0	0.824	0.743	0.734	0.702	0.76	0.651	0.782	0.759	1.015	0.888	1.049	0.919	0.792	0.876	1.004	0.916	1.144	0.85	0.916	1.151	0.905	1.093	1.139	1.246	1.764	1.539	1.586	1.673	1.971	1.587	1.592	1.637	1.411	1.326	1.666	1.549	1.613	1.882	1.464	1.42	1.467	1.501	1.373	1.398	1.596	1.499	1.369	1.496	1.724	1.565	1.497	1.707	1.781	1.754	1.316	1.138	1.662	1.898	1.725	1.729	1.825	1.764	1.495	1.463	1.795	1.582	1.611	1.795	1.483	1.528	1.641	1.529	2.045	1.745	1.56	1.488	1.516	1.481	1.59	1.665	1.631	1.413	1.596	1.535	1.768	1.583	1.642	1.929	1.502	1.643	1.563	1.7	1.769	1.565
"7"	0.811	0.87	0.977	0.886	0.697	0.824	0	0.875	0.967	0.843	0.917	0.788	0.968	0.786	1.2	1.08	1.103	1.028	0.883	0.966	0.887	0.958	1.142	0.981	1.125	1.158	0.985	1.251	1.301	1.326	1.746	1.452	1.441	1.599	1.795	1.464	1.558	1.596	1.306	1.215	1.569	1.506	1.465	1.808	1.372	1.373	1.395	1.477	1.337	1.363	1.443	1.352	1.289	1.431	1.615	1.579	1.444	1.602	1.681	1.625	1.215	1.242	1.497	1.737	1.654	1.653	1.625	1.707	1.45	1.466	1.656	1.507	1.496	1.752	1.469	1.477	1.61	1.442	1.876	1.692	1.452	1.392	1.419	1.464	1.519	1.558	1.548	1.304	1.496	1.473	1.677	1.533	1.478	1.755	1.535	1.586	1.561	1.555	1.617	1.453
"8"	0.817	0.941	0.846	0.904	0.851	0.743	0.875	0	0.799	0.806	0.744	0.918	0.978	0.819	1.138	1.048	1.086	0.92	0.906	0.98	0.938	1.023	1.046	0.842	1.021	1.136	0.89	1.251	1.243	1.215	1.649	1.444	1.544	1.599	1.96	1.588	1.511	1.563	1.345	1.327	1.648	1.475	1.546	1.83	1.446	1.435	1.344	1.487	1.332	1.416	1.552	1.425	1.348	1.5	1.637	1.538	1.503	1.655	1.7	1.692	1.326	1.247	1.588	1.874	1.679	1.648	1.846	1.787	1.44	1.431	1.669	1.477	1.504	1.713	1.476	1.496	1.549	1.473	1.961	1.665	1.526	1.484	1.5	1.536	1.603	1.685	1.564	1.418	1.492	1.535	1.764	1.516	1.545	1.878	1.489	1.569	1.567	1.58	1.637	1.547
"9"	0.798	0.978	0.772	0.984	0.82	0.734	0.967	0.799	0	0.749	0.816	0.848	0.797	0.921	1.071	1.086	1.143	0.923	0.873	0.838	1.006	0.963	1.118	0.747	0.768	1.122	1.017	0.959	1.188	1.12	1.564	1.412	1.491	1.617	1.734	1.419	1.431	1.459	1.322	1.191	1.504	1.381	1.503	1.666	1.381	1.297	1.291	1.418	1.294	1.317	1.517	1.333	1.254	1.347	1.614	1.452	1.423	1.59	1.633	1.586	1.21	1.139	1.579	1.919	1.627	1.653	1.702	1.688	1.491	1.426	1.724	1.505	1.54	1.711	1.52	1.495	1.531	1.465	1.98	1.647	1.54	1.483	1.56	1.511	1.616	1.701	1.602	1.483	1.534	1.471	1.67	1.547	1.587	1.871	1.463	1.599	1.498	1.618	1.644	1.509
"10"	0.707	0.812	0.732	0.925	0.796	0.702	0.843	0.806	0.749	0	0.796	0.843	0.797	0.791	1.03	0.955	1.033	0.963	0.929	0.925	0.972	0.941	1.166	0.824	0.893	1.158	0.911	1.097	1.312	1.194	1.678	1.417	1.524	1.647	1.9	1.566	1.522	1.563	1.351	1.278	1.639	1.501	1.496	1.751	1.422	1.356	1.331	1.448	1.323	1.339	1.571	1.434	1.344	1.409	1.682	1.479	1.428	1.637	1.677	1.656	1.28	1.148	1.63	1.891	1.655	1.689	1.748	1.795	1.53	1.486	1.79	1.579	1.569	1.775	1.53	1.563	1.639	1.518	2.041	1.688	1.56	1.462	1.566	1.561	1.651	1.731	1.631	1.449	1.576	1.455	1.727	1.543	1.634	1.895	1.534	1.646	1.565	1.582	1.683	1.555
"11"	0.888	0.832	0.652	0.929	0.784	0.76	0.917	0.744	0.816	0.796	0	0.827	0.932	0.859	0.927	0.988	1.141	1.058	0.896	0.842	0.878	1.03	1.046	0.954	0.987	1.142	0.937	1.271	1.202	1.227	1.672	1.433	1.492	1.624	1.993	1.579	1.5	1.626	1.268	1.324	1.598	1.499	1.496	1.772	1.412	1.442	1.389	1.385	1.333	1.303	1.492	1.358	1.352	1.434	1.609	1.47	1.473	1.633	1.666	1.682	1.344	1.131	1.553	1.794	1.642	1.592	1.758	1.816	1.442	1.463	1.751	1.511	1.541	1.72	1.48	1.527	1.624	1.484	2.03	1.655	1.549	1.479	1.448	1.579	1.586	1.626	1.573	1.364	1.512	1.541	1.741	1.529	1.552	1.923	1.46	1.553	1.649	1.65	1.669	1.501
"12"	0.715	0.628	0.767	0.638	0.704	0.651	0.788	0.918	0.848	0.843	0.827	0	0.801	0.627	0.917	0.871	0.921	0.961	0.819	0.965	0.983	0.831	1.14	0.915	0.889	1.144	0.99	1.034	1.093	1.329	1.871	1.554	1.557	1.691	1.934	1.594	1.63	1.735	1.411	1.367	1.655	1.598	1.585	1.943	1.46	1.46	1.494	1.448	1.384	1.377	1.506	1.452	1.35	1.491	1.685	1.543	1.52	1.685	1.761	1.711	1.264	1.12	1.596	1.838	1.693	1.678	1.705	1.72	1.55	1.497	1.888	1.68	1.664	1.804	1.536	1.605	1.729	1.581	2.116	1.781	1.565	1.521	1.502	1.492	1.617	1.669	1.705	1.438	1.711	1.638	1.85	1.709	1.686	1.973	1.576	1.721	1.615	1.767	1.85	1.593
"13"	0.7	0.931	0.839	0.895	0.851	0.782	0.968	0.978	0.797	0.797	0.932	0.801	0	0.88	1.164	1.08	1.129	1.091	0.996	1.038	1.143	0.867	1.253	0.879	0.797	1.269	1.098	0.97	1.289	1.367	1.788	1.593	1.617	1.755	1.901	1.584	1.623	1.675	1.476	1.3	1.646	1.603	1.611	1.877	1.502	1.475	1.426	1.533	1.415	1.397	1.638	1.505	1.374	1.466	1.759	1.575	1.561	1.745	1.816	1.75	1.325	1.17	1.692	1.981	1.782	1.75	1.813	1.767	1.6	1.515	1.889	1.698	1.658	1.816	1.588	1.619	1.69	1.588	2.071	1.772	1.584	1.538	1.612	1.538	1.678	1.724	1.711	1.508	1.721	1.514	1.764	1.643	1.744	1.983	1.539	1.681	1.56	1.699	1.809	1.603
"14"	0.735	0.693	0.701	0.708	0.676	0.759	0.786	0.819	0.921	0.791	0.859	0.627	0.88	0	0.85	0.821	0.833	0.951	0.892	0.996	0.939	0.81	1.067	0.888	0.917	1.054	0.869	1.081	1.115	1.355	1.858	1.537	1.562	1.654	1.979	1.638	1.636	1.743	1.415	1.417	1.685	1.609	1.563	1.937	1.48	1.433	1.484	1.449	1.391	1.439	1.526	1.52	1.398	1.543	1.682	1.542	1.501	1.677	1.738	1.722	1.346	1.18	1.605	1.871	1.702	1.684	1.743	1.749	1.563	1.523	1.877	1.689	1.637	1.78	1.559	1.653	1.768	1.556	2.105	1.752	1.614	1.51	1.483	1.51	1.612	1.663	1.678	1.409	1.708	1.661	1.905	1.699	1.693	1.968	1.633	1.738	1.651	1.762	1.871	1.611
"15"	1.063	0.899	0.757	0.948	0.916	1.015	1.2	1.138	1.071	1.03	0.927	0.917	1.164	0.85	0	0.795	0.92	1.203	1.133	1.106	1.112	1.033	1.152	1.12	0.982	1.222	1.07	1.165	1.226	1.476	1.895	1.598	1.606	1.722	2.117	1.735	1.667	1.85	1.497	1.585	1.707	1.656	1.623	1.937	1.575	1.532	1.552	1.375	1.499	1.435	1.588	1.618	1.468	1.578	1.679	1.468	1.565	1.687	1.717	1.746	1.386	1.17	1.587	1.826	1.71	1.594	1.785	1.846	1.68	1.587	2.04	1.79	1.753	1.772	1.718	1.779	1.915	1.683	2.281	1.775	1.755	1.665	1.579	1.616	1.734	1.77	1.801	1.567	1.858	1.847	2.083	1.859	1.839	2.113	1.725	1.886	1.792	1.98	2.045	1.748
"16"	0.971	0.822	0.837	0.907	0.88	0.888	1.08	1.048	1.086	0.955	0.988	0.871	1.08	0.821	0.795	0	0.835	1.021	1.012	1.064	1.105	0.978	1.124	1.085	1.073	1.187	0.881	1.151	1.205	1.371	1.899	1.608	1.611	1.691	2.073	1.705	1.723	1.764	1.512	1.484	1.719	1.681	1.618	1.957	1.542	1.523	1.522	1.437	1.451	1.379	1.594	1.62	1.436	1.604	1.726	1.606	1.56	1.731	1.791	1.789	1.389	1.154	1.644	1.844	1.725	1.652	1.878	1.796	1.672	1.618	2.011	1.767	1.749	1.863	1.685	1.767	1.9	1.692	2.275	1.832	1.75	1.583	1.574	1.606	1.687	1.759	1.768	1.496	1.765	1.719	2.034	1.794	1.793	2.029	1.683	1.805	1.745	1.866	1.958	1.626
"17"	1.015	0.955	0.955	0.95	0.936	1.049	1.103	1.086	1.143	1.033	1.141	0.921	1.129	0.833	0.92	0.835	0	0.987	1.094	1.135	1.125	0.975	1.14	1.05	1.074	1.104	1.053	1.048	1.17	1.427	1.882	1.541	1.557	1.668	1.886	1.669	1.664	1.777	1.505	1.539	1.649	1.642	1.627	1.923	1.506	1.535	1.52	1.442	1.401	1.438	1.514	1.594	1.422	1.574	1.663	1.524	1.553	1.7	1.699	1.716	1.314	1.267	1.56	1.831	1.721	1.625	1.673	1.699	1.696	1.562	1.95	1.747	1.642	1.759	1.686	1.731	1.87	1.633	2.175	1.784	1.661	1.608	1.61	1.542	1.65	1.699	1.726	1.477	1.779	1.74	1.981	1.801	1.769	1.98	1.697	1.806	1.687	1.825	1.97	1.664
"18"	1.036	1.024	1.013	1.028	1.033	0.919	1.028	0.92	0.923	0.963	1.058	0.961	1.091	0.951	1.203	1.021	0.987	0	0.75	0.793	0.856	0.863	1.028	0.792	1.003	0.921	0.865	0.949	0.818	0.87	1.445	1.194	1.345	1.319	1.605	1.31	1.358	1.375	1.152	1.116	1.325	1.261	1.318	1.586	1.196	1.195	1.298	1.249	1.035	1.17	1.26	1.304	1.207	1.33	1.487	1.346	1.204	1.41	1.419	1.396	1.22	1.047	1.44	1.616	1.424	1.512	1.551	1.429	1.365	1.358	1.607	1.391	1.409	1.594	1.364	1.478	1.558	1.305	1.898	1.525	1.396	1.311	1.34	1.4	1.359	1.525	1.406	1.245	1.329	1.364	1.518	1.395	1.338	1.611	1.28	1.378	1.346	1.44	1.483	1.299
"19"	0.873	0.938	0.981	0.963	0.85	0.792	0.883	0.906	0.873	0.929	0.896	0.819	0.996	0.892	1.133	1.012	1.094	0.75	0	0.673	0.781	0.857	1.005	0.878	0.979	1.029	0.846	1.099	0.957	1.08	1.515	1.313	1.318	1.435	1.698	1.306	1.404	1.449	1.192	1.149	1.376	1.273	1.342	1.666	1.279	1.256	1.292	1.267	1.099	1.204	1.256	1.281	1.177	1.329	1.512	1.419	1.258	1.431	1.515	1.501	1.115	1.055	1.447	1.629	1.548	1.5	1.659	1.571	1.414	1.394	1.562	1.424	1.431	1.664	1.358	1.408	1.516	1.351	1.838	1.589	1.33	1.255	1.312	1.356	1.375	1.505	1.423	1.255	1.389	1.386	1.61	1.429	1.368	1.607	1.355	1.417	1.395	1.475	1.531	1.326
"20"	0.954	1.017	0.869	1.095	0.925	0.876	0.966	0.98	0.838	0.925	0.842	0.965	1.038	0.996	1.106	1.064	1.135	0.793	0.673	0	0.73	0.933	0.952	1.002	0.979	1.078	0.899	1.139	0.985	0.959	1.4	1.218	1.244	1.355	1.64	1.245	1.312	1.399	1.08	1.102	1.275	1.233	1.226	1.469	1.158	1.16	1.262	1.152	1.012	1.138	1.197	1.17	1.122	1.213	1.377	1.279	1.161	1.334	1.367	1.384	1.102	0.96	1.342	1.559	1.378	1.425	1.566	1.548	1.341	1.38	1.578	1.396	1.368	1.593	1.364	1.413	1.539	1.301	1.835	1.485	1.353	1.269	1.273	1.416	1.38	1.469	1.377	1.2	1.318	1.341	1.56	1.383	1.328	1.622	1.298	1.371	1.414	1.495	1.498	1.278
"21"	0.953	0.916	0.935	0.964	0.907	1.004	0.887	0.938	1.006	0.972	0.878	0.983	1.143	0.939	1.112	1.105	1.125	0.856	0.781	0.73	0	0.922	0.742	1	1.067	0.909	0.794	1.236	1.003	1.04	1.497	1.175	1.17	1.312	1.676	1.218	1.323	1.446	1.033	1.172	1.275	1.285	1.152	1.509	1.141	1.216	1.218	1.164	1.059	1.159	1.058	1.091	1.128	1.284	1.348	1.276	1.196	1.319	1.305	1.331	1.12	1.027	1.307	1.458	1.421	1.379	1.47	1.558	1.329	1.366	1.546	1.41	1.346	1.541	1.344	1.423	1.588	1.306	1.822	1.516	1.306	1.239	1.192	1.422	1.409	1.491	1.369	1.184	1.356	1.434	1.645	1.407	1.286	1.648	1.366	1.386	1.506	1.507	1.495	1.354
"22"	0.948	0.899	0.904	0.847	0.888	0.916	0.958	1.023	0.963	0.941	1.03	0.831	0.867	0.81	1.033	0.978	0.975	0.863	0.857	0.933	0.922	0	1.08	0.878	0.828	1.06	0.968	0.826	1.023	1.212	1.626	1.352	1.363	1.416	1.69	1.344	1.423	1.493	1.246	1.157	1.384	1.371	1.31	1.652	1.259	1.29	1.329	1.261	1.119	1.167	1.335	1.38	1.164	1.331	1.504	1.335	1.234	1.414	1.464	1.46	1.155	0.943	1.433	1.603	1.479	1.506	1.592	1.391	1.407	1.355	1.71	1.59	1.459	1.598	1.423	1.464	1.613	1.352	1.882	1.528	1.386	1.273	1.325	1.314	1.414	1.465	1.526	1.286	1.538	1.47	1.63	1.568	1.532	1.706	1.41	1.549	1.427	1.62	1.647	1.416
"23"	1.095	1.117	1.074	1.126	1.067	1.144	1.142	1.046	1.118	1.166	1.046	1.14	1.253	1.067	1.152	1.124	1.14	1.028	1.005	0.952	0.742	1.08	0	1.115	1.143	0.908	0.818	1.419	1.16	1.26	1.592	1.322	1.205	1.416	1.715	1.261	1.421	1.568	1.173	1.356	1.343	1.367	1.301	1.552	1.191	1.362	1.246	1.246	1.124	1.241	1.089	1.167	1.137	1.388	1.257	1.385	1.353	1.413	1.363	1.411	1.163	1.142	1.27	1.508	1.439	1.321	1.565	1.719	1.505	1.563	1.681	1.615	1.531	1.628	1.535	1.598	1.788	1.506	1.926	1.655	1.505	1.413	1.322	1.552	1.605	1.646	1.547	1.37	1.593	1.665	1.924	1.638	1.495	1.802	1.58	1.571	1.722	1.723	1.709	1.572
"24"	0.884	1.001	0.926	0.968	0.902	0.85	0.981	0.842	0.747	0.824	0.954	0.915	0.879	0.888	1.12	1.085	1.05	0.792	0.878	1.002	1	0.878	1.115	0	0.789	0.996	0.974	0.855	1.079	1.112	1.553	1.379	1.503	1.556	1.714	1.42	1.446	1.483	1.305	1.253	1.519	1.366	1.513	1.716	1.39	1.296	1.31	1.422	1.27	1.328	1.492	1.426	1.296	1.427	1.641	1.454	1.433	1.586	1.586	1.59	1.266	1.199	1.562	1.851	1.649	1.649	1.655	1.6	1.533	1.42	1.694	1.506	1.553	1.656	1.526	1.525	1.597	1.442	1.983	1.623	1.518	1.474	1.551	1.448	1.558	1.694	1.622	1.443	1.5	1.489	1.604	1.558	1.566	1.818	1.471	1.583	1.454	1.572	1.621	1.503
"25"	0.883	1.036	0.876	0.932	0.914	0.916	1.125	1.021	0.768	0.893	0.987	0.889	0.797	0.917	0.982	1.073	1.074	1.003	0.979	0.979	1.067	0.828	1.143	0.789	0	1.174	1.043	0.758	1.107	1.211	1.651	1.478	1.501	1.675	1.811	1.453	1.432	1.579	1.367	1.267	1.55	1.413	1.486	1.721	1.445	1.377	1.32	1.357	1.32	1.293	1.463	1.415	1.206	1.37	1.596	1.357	1.409	1.529	1.593	1.57	1.169	1.112	1.482	1.837	1.6	1.534	1.69	1.681	1.6	1.404	1.815	1.599	1.561	1.586	1.57	1.55	1.605	1.484	2.013	1.598	1.495	1.488	1.514	1.438	1.621	1.661	1.613	1.507	1.628	1.549	1.744	1.633	1.663	1.906	1.483	1.637	1.469	1.678	1.73	1.565
"26"	1.179	1.121	1.121	1.125	1.099	1.151	1.158	1.136	1.122	1.158	1.142	1.144	1.269	1.054	1.222	1.187	1.104	0.921	1.029	1.078	0.909	1.06	0.908	0.996	1.174	0	0.952	1.265	1.112	1.242	1.706	1.365	1.399	1.534	1.692	1.417	1.54	1.709	1.369	1.476	1.45	1.482	1.493	1.737	1.379	1.445	1.485	1.39	1.286	1.303	1.277	1.358	1.359	1.534	1.575	1.512	1.461	1.59	1.52	1.545	1.397	1.247	1.563	1.743	1.657	1.637	1.393	1.538	1.509	1.522	1.688	1.555	1.524	1.66	1.486	1.564	1.731	1.473	1.992	1.67	1.53	1.358	1.303	1.517	1.47	1.564	1.439	1.315	1.529	1.597	1.778	1.536	1.458	1.797	1.53	1.555	1.63	1.685	1.698	1.507
"27"	0.991	1.032	0.906	1.036	0.899	0.905	0.985	0.89	1.017	0.911	0.937	0.99	1.098	0.869	1.07	0.881	1.053	0.865	0.846	0.899	0.794	0.968	0.818	0.974	1.043	0.952	0	1.22	1.081	1.107	1.506	1.284	1.324	1.336	1.795	1.342	1.368	1.497	1.178	1.251	1.377	1.364	1.287	1.602	1.27	1.224	1.205	1.217	1.166	1.238	1.267	1.239	1.236	1.356	1.406	1.331	1.262	1.406	1.449	1.462	1.208	1.111	1.41	1.583	1.473	1.424	1.641	1.66	1.353	1.387	1.602	1.419	1.403	1.569	1.392	1.502	1.623	1.328	1.894	1.553	1.427	1.298	1.219	1.421	1.406	1.488	1.408	1.2	1.409	1.391	1.714	1.405	1.39	1.693	1.426	1.437	1.464	1.499	1.558	1.36
"28"	1.087	1.19	1.054	1.084	1.061	1.093	1.251	1.251	0.959	1.097	1.271	1.034	0.97	1.081	1.165	1.151	1.048	0.949	1.099	1.139	1.236	0.826	1.419	0.855	0.758	1.265	1.22	0	1.087	1.236	1.688	1.533	1.638	1.624	1.734	1.5	1.544	1.609	1.487	1.3	1.556	1.515	1.556	1.765	1.506	1.362	1.471	1.443	1.399	1.408	1.602	1.613	1.386	1.482	1.737	1.417	1.44	1.603	1.645	1.589	1.31	1.213	1.632	1.901	1.681	1.701	1.677	1.504	1.61	1.414	1.896	1.644	1.598	1.612	1.633	1.627	1.671	1.461	2.074	1.602	1.556	1.512	1.588	1.418	1.564	1.649	1.671	1.488	1.638	1.515	1.641	1.696	1.696	1.856	1.481	1.675	1.363	1.722	1.769	1.51
"29"	1.268	1.166	1.136	1.124	1.232	1.139	1.301	1.243	1.188	1.312	1.202	1.093	1.289	1.115	1.226	1.205	1.17	0.818	0.957	0.985	1.003	1.023	1.16	1.079	1.107	1.112	1.081	1.087	0	0.979	1.59	1.34	1.417	1.421	1.747	1.414	1.4	1.558	1.213	1.262	1.358	1.387	1.396	1.676	1.277	1.319	1.447	1.207	1.058	1.203	1.256	1.408	1.268	1.418	1.537	1.315	1.244	1.437	1.423	1.437	1.339	1.007	1.457	1.623	1.437	1.5	1.595	1.471	1.468	1.415	1.768	1.545	1.527	1.505	1.453	1.567	1.694	1.383	2.057	1.595	1.456	1.427	1.348	1.466	1.418	1.516	1.499	1.317	1.469	1.574	1.655	1.551	1.484	1.803	1.315	1.49	1.443	1.661	1.695	1.444
"30"	1.353	1.393	1.255	1.402	1.343	1.246	1.326	1.215	1.12	1.194	1.227	1.329	1.367	1.355	1.476	1.371	1.427	0.87	1.08	0.959	1.04	1.212	1.26	1.112	1.211	1.242	1.107	1.236	0.979	0	1.238	1.126	1.325	1.338	1.597	1.251	1.233	1.246	1.081	1.046	1.266	1.242	1.217	1.4	1.183	1.136	1.212	1.19	0.977	1.111	1.279	1.27	1.195	1.215	1.455	1.271	1.086	1.316	1.307	1.323	1.268	1.045	1.468	1.621	1.287	1.493	1.602	1.521	1.336	1.345	1.576	1.292	1.368	1.409	1.386	1.481	1.493	1.211	1.864	1.462	1.372	1.315	1.367	1.456	1.394	1.528	1.359	1.278	1.182	1.229	1.372	1.289	1.305	1.618	1.174	1.267	1.3	1.368	1.316	1.241
"31"	1.84	1.946	1.751	1.952	1.797	1.764	1.746	1.649	1.564	1.678	1.672	1.871	1.788	1.858	1.895	1.899	1.882	1.445	1.515	1.4	1.497	1.626	1.592	1.553	1.651	1.706	1.506	1.688	1.59	1.238	0	0.861	1.048	1.08	1.286	1.004	0.764	0.903	0.894	1.035	0.898	0.811	0.949	0.771	1.109	0.914	0.922	1.021	1.095	1.211	1.221	1.129	1.139	0.868	1.015	1.019	0.915	0.875	0.95	0.975	1.259	1.416	1.153	1.316	1.058	1.138	1.521	1.491	1.402	1.402	1.231	1.207	1.18	1.424	1.408	1.448	1.399	1.196	1.429	1.198	1.316	1.352	1.456	1.534	1.426	1.427	1.308	1.364	1.105	1.228	1.178	1.253	1.24	1.307	1.318	1.217	1.253	1.203	1.115	1.23
"32"	1.578	1.551	1.499	1.611	1.556	1.539	1.452	1.444	1.412	1.417	1.433	1.554	1.593	1.537	1.598	1.608	1.541	1.194	1.313	1.218	1.175	1.352	1.322	1.379	1.478	1.365	1.284	1.533	1.34	1.126	0.861	0	0.742	0.832	1.182	0.979	0.704	0.877	0.668	0.934	0.764	0.677	0.765	0.964	0.674	0.798	0.895	0.741	0.893	0.812	0.817	0.812	0.87	0.713	0.864	0.796	0.68	0.751	0.805	0.712	1.063	1.103	1.024	1.115	0.965	0.971	1.139	1.215	1.172	1.293	1.254	1.193	1.117	1.437	1.233	1.332	1.397	1.152	1.512	1.168	1.229	1.186	1.245	1.384	1.319	1.303	1.235	1.135	1.155	1.218	1.269	1.204	1.133	1.351	1.273	1.289	1.331	1.18	1.217	1.184
"33"	1.573	1.573	1.579	1.582	1.541	1.586	1.441	1.544	1.491	1.524	1.492	1.557	1.617	1.562	1.606	1.611	1.557	1.345	1.318	1.244	1.17	1.363	1.205	1.503	1.501	1.399	1.324	1.638	1.417	1.325	1.048	0.742	0	1.067	1.176	0.854	0.844	1.007	0.719	0.993	0.742	0.804	0.81	0.949	0.76	1.034	0.914	0.837	0.857	0.835	0.68	0.715	0.72	0.763	0.757	0.943	0.822	0.753	0.782	0.831	0.89	1.14	0.802	0.974	0.982	0.843	1.098	1.277	1.299	1.317	1.203	1.279	1.115	1.412	1.241	1.261	1.42	1.193	1.357	1.236	1.132	1.144	1.183	1.312	1.348	1.232	1.246	1.174	1.245	1.34	1.46	1.288	1.17	1.292	1.33	1.295	1.426	1.283	1.291	1.261
"34"	1.748	1.717	1.623	1.721	1.677	1.673	1.599	1.599	1.617	1.647	1.624	1.691	1.755	1.654	1.722	1.691	1.668	1.319	1.435	1.355	1.312	1.416	1.416	1.556	1.675	1.534	1.336	1.624	1.421	1.338	1.08	0.832	1.067	0	1.307	1.124	0.975	1.155	0.941	1.123	0.853	1.014	0.919	1.166	0.8	0.868	1.197	0.959	1.121	1.179	1.045	1.147	1.196	1.064	1.009	1.006	0.826	0.942	0.953	0.964	1.266	1.264	1.207	1.146	1.067	1.176	1.395	1.215	1.24	1.469	1.465	1.428	1.276	1.526	1.381	1.538	1.638	1.224	1.635	1.291	1.418	1.343	1.296	1.499	1.368	1.383	1.399	1.181	1.306	1.398	1.448	1.422	1.295	1.289	1.415	1.475	1.416	1.429	1.435	1.319
"35"	1.949	2.034	2.007	2.025	1.911	1.971	1.795	1.96	1.734	1.9	1.993	1.934	1.901	1.979	2.117	2.073	1.886	1.605	1.698	1.64	1.676	1.69	1.715	1.714	1.811	1.692	1.795	1.734	1.747	1.597	1.286	1.182	1.176	1.307	0	0.987	1.184	1.15	1.283	1.278	0.994	1.167	1.246	1.232	1.129	1.211	1.356	1.378	1.294	1.327	1.218	1.243	1.263	1.215	1.263	1.412	1.206	1.221	1.234	1.06	1.314	1.562	1.403	1.56	1.358	1.46	1.179	1.249	1.612	1.666	1.507	1.617	1.43	1.711	1.68	1.621	1.704	1.491	1.544	1.541	1.503	1.545	1.658	1.598	1.588	1.577	1.6	1.548	1.524	1.503	1.445	1.634	1.472	1.443	1.587	1.629	1.511	1.533	1.49	1.495
"36"	1.578	1.666	1.616	1.628	1.503	1.587	1.464	1.588	1.419	1.566	1.579	1.594	1.584	1.638	1.735	1.705	1.669	1.31	1.306	1.245	1.218	1.344	1.261	1.42	1.453	1.417	1.342	1.5	1.414	1.251	1.004	0.979	0.854	1.124	0.987	0	0.896	1.008	0.876	0.959	0.742	0.871	0.817	0.907	0.901	0.971	0.956	0.964	0.943	1.002	0.853	0.861	0.813	0.904	0.924	1.041	0.924	0.903	0.898	0.871	0.86	1.153	0.915	1.185	1.077	1.048	1.169	1.247	1.311	1.329	1.265	1.291	1.157	1.37	1.294	1.285	1.409	1.154	1.394	1.24	1.121	1.128	1.22	1.276	1.325	1.314	1.231	1.208	1.232	1.248	1.292	1.34	1.137	1.319	1.248	1.237	1.259	1.341	1.191	1.183
"37"	1.647	1.7	1.55	1.66	1.585	1.592	1.558	1.511	1.431	1.522	1.5	1.63	1.623	1.636	1.667	1.723	1.664	1.358	1.404	1.312	1.323	1.423	1.421	1.446	1.432	1.54	1.368	1.544	1.4	1.233	0.764	0.704	0.844	0.975	1.184	0.896	0	0.86	0.727	0.924	0.828	0.668	0.804	0.889	0.827	0.859	0.815	0.788	0.971	0.935	0.969	0.894	0.833	0.699	0.84	0.688	0.773	0.749	0.816	0.833	0.993	1.181	0.909	1.208	0.872	0.846	1.172	1.253	1.142	1.132	1.177	1.12	0.989	1.257	1.158	1.215	1.247	1.032	1.359	0.998	1.105	1.189	1.2	1.284	1.268	1.191	1.164	1.173	1.075	1.175	1.19	1.168	1.119	1.319	1.154	1.211	1.169	1.142	1.132	1.17
"38"	1.687	1.772	1.696	1.781	1.696	1.637	1.596	1.563	1.459	1.563	1.626	1.735	1.675	1.743	1.85	1.764	1.777	1.375	1.449	1.399	1.446	1.493	1.568	1.483	1.579	1.709	1.497	1.609	1.558	1.246	0.903	0.877	1.007	1.155	1.15	1.008	0.86	0	0.886	0.82	1.003	0.826	0.944	1.047	0.962	0.978	0.962	1.106	1.018	1.061	1.236	1.094	0.961	0.868	1.133	1.128	0.906	0.983	1.106	0.99	1.111	1.295	1.221	1.426	1.125	1.205	1.479	1.283	1.227	1.272	1.216	1.24	1.131	1.55	1.305	1.271	1.241	1.174	1.383	1.248	1.239	1.273	1.499	1.355	1.446	1.446	1.374	1.369	1.203	1.205	1.203	1.288	1.242	1.346	1.27	1.353	1.298	1.206	1.152	1.266
"39"	1.462	1.418	1.37	1.486	1.406	1.411	1.306	1.345	1.322	1.351	1.268	1.411	1.476	1.415	1.497	1.512	1.505	1.152	1.192	1.08	1.033	1.246	1.173	1.305	1.367	1.369	1.178	1.487	1.213	1.081	0.894	0.668	0.719	0.941	1.283	0.876	0.727	0.886	0	0.783	0.813	0.767	0.677	0.897	0.716	0.829	0.816	0.755	0.757	0.822	0.795	0.777	0.792	0.716	0.814	0.854	0.714	0.822	0.817	0.831	0.985	1.019	0.898	1.008	0.853	0.903	1.236	1.309	1.159	1.214	1.278	1.198	1.094	1.377	1.179	1.285	1.37	1.07	1.494	1.212	1.144	1.156	1.167	1.348	1.31	1.272	1.234	1.101	1.115	1.25	1.263	1.236	1.134	1.391	1.195	1.183	1.324	1.242	1.198	1.155
"40"	1.361	1.451	1.381	1.434	1.354	1.326	1.215	1.327	1.191	1.278	1.324	1.367	1.3	1.417	1.585	1.484	1.539	1.116	1.149	1.102	1.172	1.157	1.356	1.253	1.267	1.476	1.251	1.3	1.262	1.046	1.035	0.934	0.993	1.123	1.278	0.959	0.924	0.82	0.783	0	0.943	0.902	0.892	1.123	0.869	0.848	0.884	0.998	0.861	0.848	1.095	1.01	0.809	0.795	1.143	1.037	0.805	1.012	1.138	0.997	0.977	0.989	1.121	1.368	1.094	1.17	1.373	1.24	1.141	1.139	1.28	1.193	1.091	1.403	1.207	1.189	1.243	1.069	1.491	1.234	1.105	1.079	1.261	1.245	1.307	1.29	1.262	1.158	1.11	1.086	1.137	1.154	1.166	1.343	1.085	1.178	1.14	1.176	1.135	1.116
"41"	1.702	1.72	1.633	1.702	1.619	1.666	1.569	1.648	1.504	1.639	1.598	1.655	1.646	1.685	1.707	1.719	1.649	1.325	1.376	1.275	1.275	1.384	1.343	1.519	1.55	1.45	1.377	1.556	1.358	1.266	0.898	0.764	0.742	0.853	0.994	0.742	0.828	1.003	0.813	0.943	0	0.769	0.752	0.853	0.773	0.874	1.002	0.826	0.894	0.879	0.792	0.845	0.917	0.787	0.864	0.923	0.729	0.74	0.744	0.689	1.041	1.15	0.951	1.061	0.952	0.978	1.123	1.122	1.283	1.335	1.287	1.32	1.145	1.369	1.317	1.376	1.504	1.168	1.465	1.199	1.205	1.203	1.227	1.393	1.3	1.251	1.23	1.193	1.225	1.29	1.291	1.299	1.165	1.255	1.284	1.283	1.29	1.316	1.283	1.206
"42"	1.599	1.658	1.582	1.636	1.559	1.549	1.506	1.475	1.381	1.501	1.499	1.598	1.603	1.609	1.656	1.681	1.642	1.261	1.273	1.233	1.285	1.371	1.367	1.366	1.413	1.482	1.364	1.515	1.387	1.242	0.811	0.677	0.804	1.014	1.167	0.871	0.668	0.826	0.767	0.902	0.769	0	0.834	0.967	0.834	0.915	0.859	0.81	0.922	0.903	0.917	0.84	0.775	0.75	0.893	0.851	0.82	0.732	0.853	0.815	0.905	1.188	0.942	1.171	1.026	0.91	1.244	1.22	1.213	1.172	1.073	1.124	1.016	1.355	1.177	1.158	1.233	1.086	1.322	1.068	1.104	1.131	1.264	1.243	1.306	1.276	1.23	1.209	1.1	1.221	1.223	1.185	1.088	1.271	1.219	1.241	1.234	1.142	1.152	1.182
"43"	1.607	1.59	1.526	1.615	1.528	1.613	1.465	1.546	1.503	1.496	1.496	1.585	1.611	1.563	1.623	1.618	1.627	1.318	1.342	1.226	1.152	1.31	1.301	1.513	1.486	1.493	1.287	1.556	1.396	1.217	0.949	0.765	0.81	0.919	1.246	0.817	0.804	0.944	0.677	0.892	0.752	0.834	0	0.808	0.808	0.871	0.885	0.688	0.858	0.89	0.841	0.888	0.867	0.766	0.83	0.808	0.643	0.697	0.738	0.716	0.992	1.067	0.931	0.985	0.884	0.883	1.272	1.275	1.215	1.279	1.312	1.286	1.064	1.366	1.237	1.336	1.421	1.101	1.454	1.141	1.133	1.106	1.152	1.356	1.32	1.266	1.2	1.14	1.219	1.245	1.298	1.277	1.154	1.351	1.225	1.21	1.294	1.31	1.22	1.153
"44"	1.896	1.946	1.799	1.994	1.835	1.882	1.808	1.83	1.666	1.751	1.772	1.943	1.877	1.937	1.937	1.957	1.923	1.586	1.666	1.469	1.509	1.652	1.552	1.716	1.721	1.737	1.602	1.765	1.676	1.4	0.771	0.964	0.949	1.166	1.232	0.907	0.889	1.047	0.897	1.123	0.853	0.967	0.808	0	1.051	1.059	1.01	1.03	1.06	1.15	1.122	1.058	1.085	0.916	0.926	1.025	0.923	0.876	0.785	0.888	1.261	1.414	1.052	1.175	0.987	1.066	1.396	1.52	1.493	1.535	1.42	1.408	1.295	1.451	1.518	1.531	1.589	1.295	1.534	1.28	1.368	1.385	1.432	1.651	1.559	1.487	1.393	1.398	1.294	1.385	1.338	1.442	1.374	1.47	1.425	1.314	1.442	1.44	1.252	1.311
"45"	1.501	1.472	1.44	1.495	1.485	1.464	1.372	1.446	1.381	1.422	1.412	1.46	1.502	1.48	1.575	1.542	1.506	1.196	1.279	1.158	1.141	1.259	1.191	1.39	1.445	1.379	1.27	1.506	1.277	1.183	1.109	0.674	0.76	0.8	1.129	0.901	0.827	0.962	0.716	0.869	0.773	0.834	0.808	1.051	0	0.832	0.975	0.844	0.81	0.807	0.783	0.847	0.788	0.792	0.85	0.876	0.733	0.855	0.854	0.795	0.965	0.966	0.956	1.135	0.896	0.982	1.094	1.159	1.07	1.29	1.341	1.309	1.169	1.434	1.228	1.296	1.47	1.142	1.537	1.205	1.2	1.169	1.199	1.32	1.325	1.273	1.299	1.079	1.234	1.257	1.348	1.284	1.179	1.357	1.249	1.364	1.386	1.306	1.312	1.237
"46"	1.462	1.524	1.371	1.566	1.423	1.42	1.373	1.435	1.297	1.356	1.442	1.46	1.475	1.433	1.532	1.523	1.535	1.195	1.256	1.16	1.216	1.29	1.362	1.296	1.377	1.445	1.224	1.362	1.319	1.136	0.914	0.798	1.034	0.868	1.211	0.971	0.859	0.978	0.829	0.848	0.874	0.915	0.871	1.059	0.832	0	0.897	0.876	1.037	1.053	1.093	1.078	0.992	0.782	1.015	0.879	0.68	0.901	1.029	0.923	1.064	1.104	1.139	1.352	1.05	1.126	1.313	1.33	1.22	1.295	1.418	1.268	1.211	1.424	1.338	1.427	1.462	1.17	1.631	1.244	1.313	1.255	1.308	1.348	1.356	1.353	1.354	1.171	1.244	1.224	1.292	1.325	1.291	1.422	1.327	1.392	1.216	1.33	1.361	1.197
"47"	1.423	1.551	1.415	1.508	1.413	1.467	1.395	1.344	1.291	1.331	1.389	1.494	1.426	1.484	1.552	1.522	1.52	1.298	1.292	1.262	1.218	1.329	1.246	1.31	1.32	1.485	1.205	1.471	1.447	1.212	0.922	0.895	0.914	1.197	1.356	0.956	0.815	0.962	0.816	0.884	1.002	0.859	0.885	1.01	0.975	0.897	0	0.927	0.965	0.967	1.045	0.901	0.766	0.767	0.937	0.892	0.954	0.926	1.03	0.984	0.864	1.149	0.958	1.346	1.078	0.922	1.372	1.467	1.273	1.197	1.235	1.154	1.101	1.267	1.24	1.254	1.286	1.149	1.445	1.243	1.105	1.146	1.269	1.321	1.436	1.338	1.262	1.245	1.202	1.153	1.38	1.238	1.249	1.478	1.27	1.226	1.213	1.161	1.183	1.189
"48"	1.539	1.478	1.375	1.488	1.446	1.501	1.477	1.487	1.418	1.448	1.385	1.448	1.533	1.449	1.375	1.437	1.442	1.249	1.267	1.152	1.164	1.261	1.246	1.422	1.357	1.39	1.217	1.443	1.207	1.19	1.021	0.741	0.837	0.959	1.378	0.964	0.788	1.106	0.755	0.998	0.826	0.81	0.688	1.03	0.844	0.876	0.927	0	0.889	0.797	0.811	0.941	0.809	0.737	0.8	0.619	0.697	0.71	0.787	0.826	0.93	0.911	0.87	1.012	0.931	0.754	1.202	1.243	1.212	1.225	1.382	1.249	1.114	1.323	1.224	1.309	1.448	1.14	1.62	1.122	1.2	1.117	1.099	1.24	1.234	1.161	1.204	1.069	1.244	1.291	1.398	1.283	1.215	1.443	1.2	1.269	1.272	1.374	1.369	1.169
"49"	1.42	1.413	1.375	1.424	1.405	1.373	1.337	1.332	1.294	1.323	1.333	1.384	1.415	1.391	1.499	1.451	1.401	1.035	1.099	1.012	1.059	1.119	1.124	1.27	1.32	1.286	1.166	1.399	1.058	0.977	1.095	0.893	0.857	1.121	1.294	0.943	0.971	1.018	0.757	0.861	0.894	0.922	0.858	1.06	0.81	1.037	0.965	0.889	0	0.765	0.893	0.972	0.791	0.925	1.028	1.001	0.782	0.947	0.876	0.936	0.971	0.842	1.057	1.209	0.923	1.098	1.308	1.249	1.227	1.288	1.342	1.307	1.189	1.327	1.247	1.258	1.408	1.105	1.542	1.291	1.123	1.078	1.196	1.325	1.296	1.304	1.227	1.129	1.186	1.251	1.355	1.266	1.213	1.418	1.106	1.175	1.278	1.315	1.24	1.203
"50"	1.462	1.366	1.391	1.399	1.418	1.398	1.363	1.416	1.317	1.339	1.303	1.377	1.397	1.439	1.435	1.379	1.438	1.17	1.204	1.138	1.159	1.167	1.241	1.328	1.293	1.303	1.238	1.408	1.203	1.111	1.211	0.812	0.835	1.179	1.327	1.002	0.935	1.061	0.822	0.848	0.879	0.903	0.89	1.15	0.807	1.053	0.967	0.797	0.765	0	0.828	0.885	0.709	0.808	1.071	0.97	0.828	0.976	1.003	0.945	0.972	0.799	1.044	1.178	1.002	1.013	1.198	1.174	1.261	1.248	1.417	1.301	1.205	1.393	1.253	1.277	1.435	1.209	1.657	1.294	1.182	1.102	1.186	1.302	1.306	1.276	1.28	1.176	1.259	1.271	1.378	1.271	1.248	1.527	1.174	1.271	1.34	1.334	1.31	1.217
"51"	1.584	1.511	1.569	1.526	1.518	1.596	1.443	1.552	1.517	1.571	1.492	1.506	1.638	1.526	1.588	1.594	1.514	1.26	1.256	1.197	1.058	1.335	1.089	1.492	1.463	1.277	1.267	1.602	1.256	1.279	1.221	0.817	0.68	1.045	1.218	0.853	0.969	1.236	0.795	1.095	0.792	0.917	0.841	1.122	0.783	1.093	1.045	0.811	0.893	0.828	0	0.741	0.792	0.954	0.825	0.997	0.902	0.852	0.835	0.817	0.954	1.073	0.842	0.961	1.021	0.887	1.069	1.257	1.346	1.385	1.36	1.387	1.2	1.407	1.296	1.37	1.569	1.254	1.546	1.314	1.184	1.171	1.133	1.349	1.327	1.293	1.252	1.164	1.318	1.436	1.537	1.391	1.154	1.402	1.338	1.325	1.464	1.403	1.389	1.291
"52"	1.498	1.523	1.488	1.552	1.457	1.499	1.352	1.425	1.333	1.434	1.358	1.452	1.505	1.52	1.618	1.62	1.594	1.304	1.281	1.17	1.091	1.38	1.167	1.426	1.415	1.358	1.239	1.613	1.408	1.27	1.129	0.812	0.715	1.147	1.243	0.861	0.894	1.094	0.777	1.01	0.845	0.84	0.888	1.058	0.847	1.078	0.901	0.941	0.972	0.885	0.741	0	0.8	0.81	0.844	1.052	1.003	0.924	1.01	0.917	0.907	1.139	0.978	1.205	1.068	1.011	1.178	1.364	1.241	1.324	1.203	1.22	1.109	1.453	1.192	1.227	1.346	1.196	1.429	1.281	1.147	1.174	1.169	1.368	1.402	1.307	1.238	1.166	1.185	1.253	1.383	1.239	1.087	1.408	1.253	1.245	1.387	1.209	1.185	1.198
"53"	1.327	1.41	1.381	1.33	1.355	1.369	1.289	1.348	1.254	1.344	1.352	1.35	1.374	1.398	1.468	1.436	1.422	1.207	1.177	1.122	1.128	1.164	1.137	1.296	1.206	1.359	1.236	1.386	1.268	1.195	1.139	0.87	0.72	1.196	1.263	0.813	0.833	0.961	0.792	0.809	0.917	0.775	0.867	1.085	0.788	0.992	0.766	0.809	0.791	0.709	0.792	0.8	0	0.709	0.891	0.919	0.875	0.852	0.964	0.915	0.676	0.935	0.768	1.179	1.008	0.851	1.185	1.224	1.187	1.127	1.23	1.195	1.069	1.288	1.164	1.1	1.237	1.136	1.408	1.174	1.028	1.002	1.174	1.111	1.321	1.214	1.199	1.16	1.214	1.242	1.4	1.265	1.2	1.403	1.17	1.231	1.239	1.267	1.255	1.184
"54"	1.518	1.558	1.463	1.595	1.502	1.496	1.431	1.5	1.347	1.409	1.434	1.491	1.466	1.543	1.578	1.604	1.574	1.33	1.329	1.213	1.284	1.331	1.388	1.427	1.37	1.534	1.356	1.482	1.418	1.215	0.868	0.713	0.763	1.064	1.215	0.904	0.699	0.868	0.716	0.795	0.787	0.75	0.766	0.916	0.792	0.782	0.767	0.737	0.925	0.808	0.954	0.81	0.709	0	0.811	0.81	0.697	0.736	0.934	0.817	0.901	1.045	0.92	1.187	0.891	0.917	1.241	1.337	1.257	1.232	1.293	1.219	1.101	1.406	1.24	1.285	1.328	1.165	1.446	1.179	1.166	1.186	1.293	1.312	1.372	1.265	1.292	1.243	1.247	1.195	1.271	1.254	1.277	1.426	1.263	1.29	1.254	1.235	1.245	1.225
"55"	1.732	1.753	1.649	1.752	1.665	1.724	1.615	1.637	1.614	1.682	1.609	1.685	1.759	1.682	1.679	1.726	1.663	1.487	1.512	1.377	1.348	1.504	1.257	1.641	1.596	1.575	1.406	1.737	1.537	1.455	1.015	0.864	0.757	1.009	1.263	0.924	0.84	1.133	0.814	1.143	0.864	0.893	0.83	0.926	0.85	1.015	0.937	0.8	1.028	1.071	0.825	0.844	0.891	0.811	0	0.882	0.901	0.705	0.805	0.813	0.998	1.282	0.767	1.027	0.885	0.741	1.261	1.447	1.344	1.455	1.305	1.36	1.186	1.412	1.37	1.419	1.541	1.26	1.424	1.237	1.279	1.288	1.234	1.422	1.477	1.324	1.353	1.209	1.344	1.425	1.521	1.437	1.283	1.424	1.434	1.379	1.454	1.41	1.363	1.332
"56"	1.585	1.597	1.412	1.555	1.505	1.565	1.579	1.538	1.452	1.479	1.47	1.543	1.575	1.542	1.468	1.606	1.524	1.346	1.419	1.279	1.276	1.335	1.385	1.454	1.357	1.512	1.331	1.417	1.315	1.271	1.019	0.796	0.943	1.006	1.412	1.041	0.688	1.128	0.854	1.037	0.923	0.851	0.808	1.025	0.876	0.879	0.892	0.619	1.001	0.97	0.997	1.052	0.919	0.81	0.882	0	0.763	0.761	0.78	0.827	0.963	1.034	0.914	1.192	0.986	0.792	1.162	1.276	1.136	1.103	1.374	1.239	1.06	1.163	1.226	1.273	1.394	1.053	1.552	0.985	1.139	1.168	1.147	1.242	1.269	1.173	1.205	1.125	1.28	1.272	1.366	1.258	1.237	1.482	1.182	1.306	1.218	1.363	1.369	1.235
"57"	1.578	1.548	1.466	1.587	1.509	1.497	1.444	1.503	1.423	1.428	1.473	1.52	1.561	1.501	1.565	1.56	1.553	1.204	1.258	1.161	1.196	1.234	1.353	1.433	1.409	1.461	1.262	1.44	1.244	1.086	0.915	0.68	0.822	0.826	1.206	0.924	0.773	0.906	0.714	0.805	0.729	0.82	0.643	0.923	0.733	0.68	0.954	0.697	0.782	0.828	0.902	1.003	0.875	0.697	0.901	0.763	0	0.629	0.738	0.701	1.02	0.96	1	1.052	0.794	0.946	1.229	1.203	1.18	1.277	1.341	1.254	1.121	1.333	1.252	1.341	1.437	1.063	1.517	1.144	1.168	1.125	1.172	1.297	1.202	1.175	1.194	1.102	1.167	1.189	1.23	1.227	1.19	1.278	1.189	1.248	1.212	1.279	1.244	1.157
"58"	1.736	1.745	1.654	1.741	1.667	1.707	1.602	1.655	1.59	1.637	1.633	1.685	1.745	1.677	1.687	1.731	1.7	1.41	1.431	1.334	1.319	1.414	1.413	1.586	1.529	1.59	1.406	1.603	1.437	1.316	0.875	0.751	0.753	0.942	1.221	0.903	0.749	0.983	0.822	1.012	0.74	0.732	0.697	0.876	0.855	0.901	0.926	0.71	0.947	0.976	0.852	0.924	0.852	0.736	0.705	0.761	0.629	0	0.597	0.615	0.976	1.19	0.777	0.899	0.779	0.734	1.19	1.274	1.269	1.294	1.215	1.264	1.083	1.259	1.319	1.326	1.443	1.121	1.351	1.025	1.157	1.143	1.192	1.293	1.255	1.175	1.218	1.174	1.197	1.289	1.335	1.284	1.158	1.2	1.314	1.286	1.292	1.27	1.234	1.204
"59"	1.805	1.777	1.676	1.771	1.711	1.781	1.681	1.7	1.633	1.677	1.666	1.761	1.816	1.738	1.717	1.791	1.699	1.419	1.515	1.367	1.305	1.464	1.363	1.586	1.593	1.52	1.449	1.645	1.423	1.307	0.95	0.805	0.782	0.953	1.234	0.898	0.816	1.106	0.817	1.138	0.744	0.853	0.738	0.785	0.854	1.029	1.03	0.787	0.876	1.003	0.835	1.01	0.964	0.934	0.805	0.78	0.738	0.597	0	0.65	1.091	1.202	0.813	0.904	0.814	0.833	1.114	1.286	1.351	1.407	1.358	1.39	1.218	1.306	1.414	1.424	1.584	1.168	1.507	1.137	1.257	1.254	1.251	1.441	1.359	1.308	1.277	1.239	1.274	1.412	1.414	1.388	1.241	1.302	1.366	1.356	1.413	1.417	1.333	1.321
"60"	1.767	1.755	1.697	1.774	1.708	1.754	1.625	1.692	1.586	1.656	1.682	1.711	1.75	1.722	1.746	1.789	1.716	1.396	1.501	1.384	1.331	1.46	1.411	1.59	1.57	1.545	1.462	1.589	1.437	1.323	0.975	0.712	0.831	0.964	1.06	0.871	0.833	0.99	0.831	0.997	0.689	0.815	0.716	0.888	0.795	0.923	0.984	0.826	0.936	0.945	0.817	0.917	0.915	0.817	0.813	0.827	0.701	0.615	0.65	0	1.081	1.202	0.933	1.001	0.874	0.89	1.038	1.167	1.289	1.372	1.34	1.38	1.18	1.358	1.408	1.42	1.538	1.211	1.457	1.139	1.244	1.252	1.318	1.427	1.38	1.318	1.27	1.27	1.325	1.368	1.364	1.383	1.206	1.324	1.342	1.37	1.384	1.386	1.326	1.302
"61"	1.257	1.385	1.337	1.286	1.207	1.316	1.215	1.326	1.21	1.28	1.344	1.264	1.325	1.346	1.386	1.389	1.314	1.22	1.115	1.102	1.12	1.155	1.163	1.266	1.169	1.397	1.208	1.31	1.339	1.268	1.259	1.063	0.89	1.266	1.314	0.86	0.993	1.111	0.985	0.977	1.041	0.905	0.992	1.261	0.965	1.064	0.864	0.93	0.971	0.972	0.954	0.907	0.676	0.901	0.998	0.963	1.02	0.976	1.091	1.081	0	1.01	0.867	1.315	1.159	0.988	1.251	1.309	1.212	1.082	1.244	1.197	1.018	1.249	1.141	1.05	1.203	1.073	1.384	1.169	0.972	1.017	1.167	0.969	1.265	1.217	1.226	1.132	1.26	1.195	1.451	1.291	1.165	1.391	1.178	1.303	1.177	1.289	1.318	1.178
"62"	1.229	1.128	1.071	1.16	1.167	1.138	1.242	1.247	1.139	1.148	1.131	1.12	1.17	1.18	1.17	1.154	1.267	1.047	1.055	0.96	1.027	0.943	1.142	1.199	1.112	1.247	1.111	1.213	1.007	1.045	1.416	1.103	1.14	1.264	1.562	1.153	1.181	1.295	1.019	0.989	1.15	1.188	1.067	1.414	0.966	1.104	1.149	0.911	0.842	0.799	1.073	1.139	0.935	1.045	1.282	1.034	0.96	1.19	1.202	1.202	1.01	0	1.257	1.421	1.135	1.251	1.425	1.311	1.241	1.278	1.641	1.462	1.35	1.438	1.3	1.361	1.526	1.218	1.851	1.384	1.285	1.16	1.19	1.263	1.306	1.348	1.357	1.142	1.393	1.331	1.539	1.372	1.388	1.683	1.121	1.366	1.327	1.535	1.525	1.301
"63"	1.636	1.656	1.595	1.597	1.539	1.662	1.497	1.588	1.579	1.63	1.553	1.596	1.692	1.605	1.587	1.644	1.56	1.44	1.447	1.342	1.307	1.433	1.27	1.562	1.482	1.563	1.41	1.632	1.457	1.468	1.153	1.024	0.802	1.207	1.403	0.915	0.909	1.221	0.898	1.121	0.951	0.942	0.931	1.052	0.956	1.139	0.958	0.87	1.057	1.044	0.842	0.978	0.768	0.92	0.767	0.914	1	0.777	0.813	0.933	0.867	1.257	0	0.958	0.975	0.588	1.143	1.422	1.35	1.278	1.332	1.307	1.152	1.256	1.31	1.307	1.46	1.22	1.461	1.12	1.154	1.213	1.197	1.3	1.353	1.231	1.263	1.22	1.311	1.446	1.519	1.427	1.23	1.384	1.397	1.364	1.408	1.398	1.372	1.287
"64"	1.972	1.816	1.888	1.869	1.847	1.898	1.737	1.874	1.919	1.891	1.794	1.838	1.981	1.871	1.826	1.844	1.831	1.616	1.629	1.559	1.458	1.603	1.508	1.851	1.837	1.743	1.583	1.901	1.623	1.621	1.316	1.115	0.974	1.146	1.56	1.185	1.208	1.426	1.008	1.368	1.061	1.171	0.985	1.175	1.135	1.352	1.346	1.012	1.209	1.178	0.961	1.205	1.179	1.187	1.027	1.192	1.052	0.899	0.904	1.001	1.315	1.421	0.958	0	1.078	0.934	1.367	1.473	1.557	1.593	1.571	1.587	1.444	1.576	1.57	1.653	1.833	1.462	1.639	1.412	1.435	1.441	1.358	1.623	1.466	1.411	1.499	1.394	1.506	1.676	1.681	1.627	1.403	1.409	1.601	1.513	1.707	1.628	1.584	1.49
"65"	1.809	1.749	1.649	1.766	1.723	1.725	1.654	1.679	1.627	1.655	1.642	1.693	1.782	1.702	1.71	1.725	1.721	1.424	1.548	1.378	1.421	1.479	1.439	1.649	1.6	1.657	1.473	1.681	1.437	1.287	1.058	0.965	0.982	1.067	1.358	1.077	0.872	1.125	0.853	1.094	0.952	1.026	0.884	0.987	0.896	1.05	1.078	0.931	0.923	1.002	1.021	1.068	1.008	0.891	0.885	0.986	0.794	0.779	0.814	0.874	1.159	1.135	0.975	1.078	0	0.996	1.35	1.394	1.375	1.455	1.51	1.468	1.31	1.397	1.422	1.522	1.613	1.269	1.62	1.279	1.344	1.346	1.317	1.534	1.448	1.373	1.391	1.296	1.307	1.413	1.449	1.455	1.344	1.456	1.368	1.4	1.427	1.432	1.369	1.36
"66"	1.722	1.711	1.634	1.701	1.635	1.729	1.653	1.648	1.653	1.689	1.592	1.678	1.75	1.684	1.594	1.652	1.625	1.512	1.5	1.425	1.379	1.506	1.321	1.649	1.534	1.637	1.424	1.701	1.5	1.493	1.138	0.971	0.843	1.176	1.46	1.048	0.846	1.205	0.903	1.17	0.978	0.91	0.883	1.066	0.982	1.126	0.922	0.754	1.098	1.013	0.887	1.011	0.851	0.917	0.741	0.792	0.946	0.734	0.833	0.89	0.988	1.251	0.588	0.934	0.996	0	1.232	1.456	1.362	1.307	1.397	1.373	1.2	1.284	1.376	1.414	1.55	1.277	1.545	1.131	1.246	1.3	1.25	1.354	1.41	1.286	1.326	1.285	1.392	1.49	1.602	1.456	1.316	1.476	1.408	1.415	1.47	1.463	1.466	1.333
